1	9094949
1	9095005
1	9095766
1	9096020
1	9096447
1	9101023
1	9101426
1	9103475
1	9105034
1	9105731
1	9106098
1	9107246
1	9107946
1	9113395
1	9114120
1	9114296
1	9115116
1	9116524
1	9118710
1	9121348
1	9123702
1	9123726
1	9125525
1	9125560
1	9125729
1	9125882
1	9131840
1	9132266
1	9133948
1	9135597
1	9137074
1	9138111
1	9139095
1	9141102
1	9141479
1	9141544
1	9141602
1	9141770
1	9143771
1	9148074
1	9148762
1	9151646
1	9157503
1	9158678
1	9161516
1	9161686
1	9162458
1	9165614
1	9167291
1	9171220
1	9171846
1	9172754
1	9173804
1	9173806
1	9174208
1	9174457
1	9174603
1	9174735
1	9175078
1	9175127
1	9175304
1	9175535
1	9175657
1	9176910
1	9177195
1	9181046
1	9184643
1	9184825
1	9185253
1	9188496
1	9188721
1	9189373
1	9191113
1	9194583
1	9195798
1	9197864
1	9198514
1	9199473
1	9200077
1	9201546
1	9201665
1	9203138
1	9203304
1	9203346
1	9203480
1	9204510
1	9205423
1	9205447
1	9206220
1	9210683
1	9211063
1	9212645
1	9214081
1	9215306
1	9215420
1	9216040
1	9216235
1	9216370
1	9216420
1	9217364
1	9218427
1	9218996
1	9219072
1	9222744
1	9226241
1	9226617
1	9229679
1	9231106
1	9231803
1	9238843
1	9239134
1	9240878
1	9241016
1	9245796
1	9245996
1	9246196
1	9247928
1	9248725
1	9253917
1	9253938
1	9254096
1	9254882
1	9256473
1	9256866
1	9257851
1	9258769
1	9260084
1	9261792
1	9262362
1	9262491
1	9263994
1	9265955
1	9266669
1	9269057
1	9269161
1	9269731
1	9271315
1	9271485
1	9271650
1	9273151
1	9274790
1	9278021
1	9279189
1	9279461
1	9281746
1	9282188
1	9282508
1	9285769
1	9286494
1	9293114
1	9293333
1	9293838
1	9295285
1	9295688
1	9296556
1	9299532
1	9300465
1	9302044
1	9302456
1	9302759
1	9303061
1	9308213
1	9312184
1	9314013
1	9315943
1	9316092
1	9321038
1	9322358
1	9322541
1	9322609
1	9323103
1	9325414
1	9326945
1	9331894
1	9331954
1	9333822
1	9335404
1	9335605
1	9337577
1	9337673
1	9337788
1	9338770
1	9339963
1	9340406
1	9340556
1	9340560
1	9340668
1	9341457
1	9342065
1	9342140
1	9342640
1	9350001
1	9351114
1	9354198
1	9354248
1	9354290
1	9355815
1	9356722
1	9357333
1	9362856
1	9363117
1	9363447
1	9363881
1	9365931
1	9374369
1	9375464
1	9376685
1	9379894
1	9380123
1	9382145
1	9388170
1	9388980
1	9389193
1	9389719
1	9390856
1	9391042
1	9391667
1	9391931
1	9393039
1	9395850
1	9396749
1	9399301
1	9399409
1	9402415
1	9402752
1	9403360
1	9404958
1	9405766
1	9407444
1	9407863
1	9409598
1	9410153
1	9410920
1	9414996
1	9415493
1	9416052
1	9417168
1	9419361
1	9419851
1	9420458
1	9421582
1	9422315
1	9422357
1	9422557
1	9423428
1	9424077
1	9429823
1	9431315
1	9434484
1	9436885
1	9437842
1	9449657
1	9450666
1	9452337
1	9452397
1	9453793
1	9453864
1	9455422
1	9458701
1	9460232
1	9460826
1	9464254
1	9464336
1	9466243
1	9467420
1	9470315
1	9470785
1	9471367
1	9471511
1	9473857
1	9482220
1	9484379
1	9484856
1	9486098
1	9486412
1	9492711
1	9493618
1	9495411
1	9496249
1	9497508
1	9498011
1	9498476
1	9499023
1	9499107
1	9499850
1	9500495
1	9501419
1	9504474
1	9506340
1	9507192
1	9512250
1	9515459
1	9516801
1	9517820
1	9519561
1	9521688
1	9523736
1	9526628
1	9526893
1	9528653
1	9534105
1	9534345
1	9536607
1	9537933
1	9540835
1	9540896
1	9540991
1	9543609
1	9548668
1	9551893
1	9553010
1	9555804
1	9557896
1	9570030
1	9574488
1	9591856
1	9594538
1	9598839
1	9599554
1	9600054
1	9601144
1	9604563
1	9608355
1	9608538
1	9611239
1	9611660
1	9611941
1	9612577
1	9617102
1	9617577
1	9619761
1	9622595
1	9623296
1	9624482
1	9626631
1	9627049
1	9627758
1	9628975
1	9629380
1	9629523
1	9638344
1	9642433
1	9645404
1	9652603
1	9653148
1	9653695
1	9654716
1	9655242
1	9656235
1	9660739
1	9662056
1	9663769
1	9665301
1	9666382
1	9666724
1	9667558
1	9668787
1	9673148
1	9674640
1	9693630
1	9698062
1	9702229
1	9704008
1	9704790
1	9707472
1	9709186
1	9711137
1	9713170
1	9713310
1	9713405
1	9716402
1	9721493
1	9723475
1	9724130
1	9727049
1	9727105
1	9738045
1	9738460
1	9738571
1	9739652
1	9739916
1	9740291
1	9740707
1	9746980
1	9747643
1	9749016
1	9752552
1	9752802
1	9753478
1	9754150
1	9759062
1	9760539
1	9761403
1	9762712
1	9768794
1	9769089
1	9770764
1	9772327
1	9773194
1	9774775
1	9775628
1	9775785
1	9776517
1	9778147
1	9779326
1	9781748
1	9782786
1	9788761
1	9788815
1	9789033
1	9789968
1	9790917
1	9792620
1	9794777
1	9795527
1	9801327
1	9804163
1	9804952
1	9808297
1	9811673
1	9811707
1	9814849
1	9820467
1	9821146
1	9821683
1	9823185
1	9823891
1	9826780
1	9829210
1	9829920
1	9830442
1	9830787
1	9830869
1	9834662
1	9837608
1	9842193
1	9842675
1	9844789
1	9846264
1	9849956
1	9852473
1	9852854
1	9853388
1	9853541
1	9854570
1	9855413
1	9855714
1	9856607
1	9858015
1	9858495
1	9859556
1	9863438
1	9863693
1	9868688
1	9869295
1	9869892
1	9870397
1	9871382
1	9872621
1	9874957
1	9876671
1	9877799
1	9878685
1	9879388
1	9879620
1	9879992
1	9887500
1	9887601
1	9888615
1	9890093
1	9892830
1	9893580
1	9895152
1	9898731
1	9899835
1	9900345
1	9901186
1	9904193
1	9904247
1	9904718
1	9904749
1	9904950
1	9907257
1	9908010
1	9908989
1	9909356
1	9909657
1	9914628
1	9916664
1	9916925
1	9918627
1	9918841
1	9918921
1	9919152
1	9922261
1	9924890
1	9925196
1	9925387
1	9925633
1	9926261
1	9926730
1	9927340
1	9927466
1	9928570
1	9931016
1	9931807
1	9934610
1	9935071
1	9937377
1	9941405
1	9943564
1	9944163
1	9947332
1	9947758
1	9948866
1	9950369
1	9951182
1	9953707
1	9954815
1	9959493
1	9961163
1	9961273
1	9962106
1	9962199
1	9963985
1	9964117
1	9964333
1	9965331
1	9966582
1	9968292
1	9973407
1	9975077
1	9975388
1	9979029
1	9980561
1	9981456
1	9982502
1	9983447
1	9983626
1	9983642
1	9983676
1	9983769
1	9984317
1	9986092
1	9987001
1	9987011
1	9988498
1	9988752
1	9989020
1	9990792
1	9991543
1	9991572
1	9991722
1	9992165
1	9992999
1	9994420
1	9994978
1	9996047
1	9996875
1	9997275
1	10005990
1	10006415
1	10006549
1	10008382
1	10009402
1	10010676
1	10012478
1	10012841
1	10013108
1	10013488
1	10013712
1	10014028
1	10015566
1	10016310
1	10017017
1	10017430
1	10019101
1	10019625
1	10022768
1	10024274
1	10025073
1	10025115
1	10025968
1	10027009
1	10032652
1	10033951
1	10035630
1	10037975
1	10040477
1	10041627
1	10043428
1	10044131
1	10044301
1	10045464
1	10047257
1	10047911
1	10049803
1	10049942
1	10051980
1	10053550
1	10055165
1	10055668
1	10056007
1	10057245
1	10057870
1	10058036
1	10059192
1	10061075
1	10061111
1	10062888
1	10064129
1	10065069
1	10065879
1	10066108
1	10066239
1	10066453
1	10066587
1	10066649
1	10066711
1	10070471
1	10070480
1	10075116
1	10076050
1	10078188
1	10078250
1	10079076
1	10079990
1	10080983
1	10082106
1	10082475
1	10082500
1	10084088
1	10085096
1	10085555
1	10086371
1	10088685
1	10090462
1	10091126
1	10092911
1	10094122
1	10097941
1	10098916
1	10100450
1	10100794
1	10102353
1	10103025
1	10104326
1	10109497
1	10112083
1	10115167
1	10121734
1	10122840
1	10124036
1	10125525
1	10127982
1	10128013
1	10128128
1	10128197
1	10128361
1	10134480
1	10137554
1	10139138
1	10139649
1	10145338
1	10146909
1	10147237
1	10147951
1	10148784
1	10149873
1	10151856
1	10152413
1	10152501
1	10152607
1	10155229
1	10158721
1	10161678
1	10163640
1	10164163
1	10165470
1	10167164
1	10170039
1	10170411
1	10171938
1	10173151
1	10173207
1	10173761
1	10175747
1	10176603
1	10179769
1	10180896
1	10181581
1	10182721
1	10183525
1	10184586
1	10185166
1	10185686
1	10185927
1	10186081
1	10186295
1	10186357
1	10187347
1	10188665
1	10189293
1	10189342
1	10190786
1	10192303
1	10192598
1	10192627
1	10193082
1	10193179
1	10194734
1	10194823
1	10195307
1	10198841
1	10200873
1	10201676
1	10201818
1	10202214
1	10202812
1	10204765
1	10204879
1	10205781
1	10206121
1	10206369
1	10207475
1	10207476
1	10208261
1	10211170
1	10212393
1	10214104
1	10214182
1	10214665
1	10216128
1	10217673
1	10221421
1	10221900
1	10222432
1	10224667
1	10226942
1	10227267
1	10228534
1	10229769
1	10231879
1	10232575
1	10236477
1	10237461
1	10239328
1	10240734
1	10241142
1	10241455
1	10247901
1	10248526
1	10249330
1	10250633
1	10252177
1	10254973
1	10256965
1	10259507
1	10259586
1	10259827
1	10260524
1	10261172
1	10266136
1	10268198
1	10275138
1	10275341
1	10275348
1	10281174
1	10281941
1	10282175
1	10283755
1	10286966
1	10289237
1	10290381
1	10291970
1	10292891
1	10295875
1	10296948
1	10299606
1	10301132
1	10301255
1	10302652
1	10303526
1	10304178
1	10305589
1	10308510
1	10309420
1	10309469
1	10309807
1	10316860
1	10316934
1	10317670
1	10319030
1	10319947
1	10320052
1	10321659
1	10322955
1	10324960
1	10326745
1	10328951
1	10333494
1	10334105
1	10334629
1	10335533
1	10335948
1	10336761
1	10343876
1	10350439
1	10350523
1	10353567
1	10353756
1	10353990
1	10355921
1	10356870
1	10357454
1	10357502
1	10357912
1	10358141
1	10358781
1	10358878
1	10359757
1	10360037
1	10360351
1	10360390
1	10360701
1	10361464
1	10362013
1	10362718
1	10362891
1	10362906
1	10363020
1	10363697
1	10365009
1	10365800
1	10367179
1	10367200
1	10368095
1	10368431
1	10369496
1	10370418
1	10370818
1	10371395
1	10371498
1	10371820
1	10373968
1	10380002
1	10382884
1	10390333
1	10391381
1	10392836
1	10393508
1	10394336
1	10398083
1	10401307
1	10406643
1	10407393
1	10410380
1	10410436
1	10411061
1	10413189
1	10413575
1	10414324
1	10417512
1	10417762
1	10418531
1	10418538
1	10418585
1	10418745
1	10418957
1	10420190
1	10420996
1	10421355
1	10421375
1	10424014
1	10424814
1	10425360
1	10425629
1	10425919
1	10426076
1	10427612
1	10427955
1	10428288
1	10433041
1	10435549
1	10439078
1	10439548
1	10443732
1	10444094
1	10449727
1	10449900
1	10449954
1	10452246
1	10452431
1	10453325
1	10457233
1	10461961
1	10475519
1	10475668
1	10476845
1	10485342
1	10486051
1	10487723
1	10488181
1	10488995
1	10489249
1	10490640
1	10493727
1	10496101
1	10496258
1	10498617
1	10499732
1	10501460
1	10506841
1	10506971
1	10508708
1	10510652
1	10517584
1	10517976
1	10519101
1	10520011
1	10520441
1	10521390
1	10521484
1	10522220
1	10523468
1	10523592
1	10531148
1	10532490
1	10533378
1	10533385
1	10533502
1	10533813
1	10535032
1	10537178
1	10537352
1	10537550
1	10537819
1	10540644
1	10540737
1	10541615
1	10542141
1	10542372
1	10542840
1	10542959
1	10544675
1	10548314
1	10548652
1	10549595
1	10552879
1	10555075
1	10555752
1	10556580
1	10557806
1	10558027
1	10559357
1	10559437
1	10561157
1	10565839
1	10567195
1	10567733
1	10569948
1	10570513
1	10571812
1	10574785
1	10576385
1	10576444
1	10577059
1	10578804
1	10580285
1	10580733
1	10582487
1	10586431
1	10587901
1	10589091
1	10591114
1	10599484
1	10601700
1	10601846
1	10602279
1	10602533
1	10602886
1	10603734
1	10604020
1	10604172
1	10605057
1	10607850
1	10609008
1	10610262
1	10610299
1	10610879
1	10611119
1	10612601
1	10614276
1	10614844
1	10615696
1	10616109
1	10617872
1	10621243
1	10623853
1	10623884
1	10625410
1	10625734
1	10626872
1	10626917
1	10628844
1	10629332
1	10629393
1	10630133
1	10630547
1	10631261
1	10632463
1	10634051
1	10634796
1	10635481
1	10635517
1	10637943
1	10638595
1	10639665
1	10640432
1	10642845
1	10643416
1	10645972
1	10647005
1	10647780
1	10647976
1	10649238
1	10649799
1	10650189
1	10651841
1	10652166
1	10652341
1	10652762
1	10653576
1	10656601
1	10658715
1	10661088
1	10661212
1	10661959
1	10662343
1	10662418
1	10664307
1	10664685
1	10665071
1	10666632
1	10667797
1	10669088
1	10669880
1	10671334
1	10675725
1	10677609
1	10678519
1	10679126
1	10679286
1	10680335
1	10682463
1	10683286
1	10684814
1	10684836
1	10686323
1	10687671
1	10688336
1	10688406
1	10689580
1	10691088
1	10691868
1	10692185
1	10692367
1	10694568
1	10695103
1	10696181
1	10696647
1	10696812
1	10697077
1	10697225
1	10697321
1	10698013
1	10698021
1	10698568
1	10698683
1	10698908
1	10699350
1	10699817
1	10700048
1	10701173
1	10704060
1	10707193
1	10708507
1	10709497
1	10709613
1	10709649
1	10710463
1	10712183
1	10717241
1	10723356
1	10724316
1	10727746
1	10729950
1	10730696
1	10730912
1	10731357
1	10734339
1	10735794
1	10736462
1	10737602
1	10737719
1	10741759
1	10742016
1	10743653
1	10746568
1	10751749
1	10751773
1	10753564
1	10755695
1	10757240
1	10757415
1	10758334
1	10759150
1	10763263
1	10764267
1	10769497
1	10769788
1	10770371
1	10773295
1	10777061
1	10777080
1	10777789
1	10777877
1	10778189
1	10779516
1	10779788
1	10782686
1	10785359
1	10788775
1	10788792
1	10790594
1	10792587
1	10792623
1	10793965
1	10799565
1	10800314
1	10800726
1	10805604
1	10808119
1	10808511
1	10809018
1	10810768
1	10811000
1	10814458
1	10814516
1	10814521
1	10816049
1	10816684
1	10817580
1	10818393
1	10819295
1	10819726
1	10820243
1	10820423
1	10822261
1	10823691
1	10829309
1	10831538
1	10832727
1	10833213
1	10833583
1	10835527
1	10842678
1	10845930
1	10846040
1	10847266
1	10850027
1	10856307
1	10857799
1	10858497
1	10858756
1	10862820
1	10865299
1	10866133
1	10867028
1	10867233
1	10867520
1	10868647
1	10868683
1	10869798
1	10871642
1	10872017
1	10873972
1	10874467
1	10874660
1	10875488
1	10875934
1	10876320
1	10876798
1	10876924
1	10878553
1	10879257
1	10880404
1	10887188
1	10891292
1	10894961
1	10896332
1	10896465
1	10897995
1	10899107
1	10899109
1	10899690
1	10902904
1	10902923
1	10903051
1	10903403
1	10904267
1	10904578
1	10911597
1	10911701
1	10912701
1	10912753
1	10913252
1	10914265
1	10914863
1	10916193
1	10916340
1	10916810
1	10919549
1	10920888
1	10921917
1	10922417
1	10922703
1	10923457
1	10924010
1	10924405
1	10924916
1	10926608
1	10926824
1	10927088
1	10927619
1	10928271
1	10929806
1	10932304
1	10940317
1	10941046
1	10941511
1	10945637
1	10946259
1	10946755
1	10947216
1	10950479
1	10950488
1	10951542
1	10952381
1	10953150
1	10953823
1	10954105
1	10954640
1	10954738
1	10955445
1	10956238
1	10957108
1	10960119
1	10963374
1	10965663
1	10965810
1	10970607
1	10972336
1	10975668
1	10976782
1	10977500
1	10979231
1	10981612
1	10981733
1	10982397
1	10982438
1	10982662
1	10983641
1	10984073
1	10986492
1	10986641
1	10986911
1	10987174
1	10988441
1	10989651
1	10990247
1	10991885
1	10993964
1	10994625
1	10995551
1	10996203
1	10999321
1	10999363
1	11000785
1	11002186
1	11002436
1	11004552
1	11010569
1	11012247
1	11012474
1	11014327
1	11015345
1	11015370
1	11015401
1	11015489
1	11015676
1	11016460
1	11016478
1	11016493
1	11018004
1	11018430
1	11020195
1	11020560
1	11020922
1	11021398
1	11025170
1	11025280
1	11026132
1	11027113
1	11027274
1	11027676
1	11029661
1	11030111
1	11030549
1	11032121
1	11035791
1	11036269
1	11036309
1	11037504
1	11037731
1	11040115
1	11042840
1	11043358
1	11043953
1	11044439
1	11044976
1	11045380
1	11046582
1	11046678
1	11047393
1	11047409
1	11047516
1	11048152
1	11053563
1	11054355
1	11054500
1	11056955
1	11057635
1	11059579
1	11067560
1	11067663
1	11067691
1	11068517
1	11068750
1	11069937
1	11070148
1	11070182
1	11070810
1	11073193
1	11075602
1	11076171
1	11076811
1	11079978
1	11080321
1	11080925
1	11083301
1	11084084
1	11086926
1	11087002
1	11087090
1	11087140
1	11087487
1	11092464
1	11092695
1	11094417
1	11095482
1	11101038
1	11102374
1	11104189
1	11104411
1	11106265
1	11109142
1	11110405
1	11110837
1	11111108
1	11111890
1	11112508
1	11113206
1	11113236
1	11117025
1	11117514
1	11117538
1	11117578
1	11119733
1	11121776
1	11121959
1	11122199
1	11123116
1	11123122
1	11125148
1	11125150
1	11125474
1	11125777
1	11127256
1	11128357
1	11128475
1	11128824
1	11129538
1	11129922
1	11133491
1	11134375
1	11136072
1	11137541
1	11139253
1	11140976
1	11141779
1	11143392
1	11145449
1	11145456
1	11145459
1	11146363
1	11146976
1	11147850
1	11156697
1	11157252
1	11158507
1	11158727
1	11159750
1	11159933
1	11160208
1	11161695
1	11161935
1	11162709
1	11163341
1	11164611
1	11167217
1	11167238
1	11168443
1	11168445
1	11169152
1	11170420
1	11170583
1	11171904
1	11172841
1	11173169
1	11173249
1	11175186
1	11176944
1	11177201
1	11180742
1	11182607
1	11183630
1	11185344
1	11185965
1	11186516
1	11187172
1	11188280
1	11189079
1	11189968
1	11190164
1	11191630
1	11192463
1	11193987
1	11194316
1	11196857
1	11197134
1	11197607
1	11197851
1	11198361
1	11198799
1	11199347
1	11199648
1	11200167
1	11200409
1	11200733
1	11201030
1	11201463
1	11205383
1	11205497
1	11206250
1	11207162
1	11210008
1	11210777
1	11211842
1	11212286
1	11212595
1	11212729
1	11212866
1	11213068
1	11213653
1	11214079
1	11214092
1	11214266
1	11214403
1	11214408
1	11216694
1	11218118
1	11218992
1	11219909
1	11220230
1	11222803
1	11222882
1	11224011
1	11225676
1	11227487
1	11228077
1	11232186
1	11233248
1	11235383
1	11235608
1	11235619
1	11237445
1	11245776
1	11246158
1	11246251
1	11246535
1	11246597
1	11246664
1	11247115
1	11248059
1	11251421
1	11251611
1	11253190
1	11254039
1	11254043
1	11257328
1	11258366
1	11258699
1	11263151
1	11263692
1	11264019
1	11264385
1	11264704
1	11268285
1	11268582
1	11270351
1	11272110
1	11274440
1	11275258
1	11275778
1	11276436
1	11277658
1	11277909
1	11279304
1	11280264
1	11280385
1	11281676
1	11281952
1	11282135
1	11282651
1	11289086
1	11290131
1	11291763
1	11291940
1	11292820
1	11293024
1	11293212
1	11294194
1	11296106
1	11299786
1	11300224
1	11318180
1	11319606
1	11319748
1	11320061
1	11320459
1	11320518
1	11321139
1	11321476
1	11322952
1	11323839
1	11324032
1	11325641
1	11327422
1	11328430
1	11330779
1	11332807
1	11334630
1	11335219
1	11337584
1	11339320
1	11339326
1	11340663
1	11342326
1	11343097
1	11343206
1	11343319
1	11344772
1	11345606
1	11346080
1	11347522
1	11348002
1	11349138
1	11349411
1	11349774
1	11349923
1	11351971
1	11352939
1	11353718
1	11356987
1	11357780
1	11358159
1	11358841
1	11361002
1	11362324
1	11362442
1	11362731
1	11364228
1	11364575
1	11365438
1	11365572
1	11366359
1	11366722
1	11366807
1	11366957
1	11367159
1	11367700
1	11368444
1	11369700
1	11369711
1	11370980
1	11371045
1	11371080
1	11371672
1	11372481
1	11373102
1	11375143
1	11376299
1	11379098
1	11382351
1	11384199
1	11384339
1	11384387
1	11384687
1	11387951
1	11388049
1	11389455
1	11394919
1	11395146
1	11396043
1	11397173
1	11397541
1	11399214
1	11402086
1	11406408
1	11410436
1	11411023
1	11412301
1	11414522
1	11416104
1	11416204
1	11419432
1	11421689
1	11424398
1	11426724
1	11427118
1	11430736
1	11431032
1	11431585
1	11431709
1	11431815
1	11434778
1	11434920
1	11438252
1	11438684
1	11440823
1	11440894
1	11441567
1	11441987
1	11443590
1	11443975
1	11444260
1	11446417
1	11446422
1	11446577
1	11448401
1	11448627
1	11448733
1	11449816
1	11450126
1	11450751
1	11452141
1	11453081
1	11453088
1	11453725
1	11454290
1	11455094
1	11455886
1	11455997
1	11459436
1	11459829
1	11461937
1	11462129
1	11463070
1	11464955
1	11466128
1	11468325
1	11469180
1	11469660
1	11469726
1	11470326
1	11471530
1	11472524
1	11476755
1	11477666
1	11479231
1	11480283
1	11481300
1	11482295
1	11482403
1	11495496
1	11495587
1	11499622
1	11500865
1	11500871
1	11501676
1	11529415
1	11529994
1	11531992
1	11532357
1	11534822
1	11535316
1	11536131
1	11536986
1	11537093
1	11537296
1	11538442
1	11543129
1	11546905
1	11549284
1	11549827
1	11551613
1	11553127
1	11553533
1	11554183
1	11554660
1	11556696
1	11558565
1	11559258
1	11561046
1	11561370
1	11561608
1	11564591
1	11568320
1	11568410
1	11570137
1	11570497
1	11572661
1	11574505
1	11574576
1	11576875
1	11577156
1	11577524
1	11577845
1	11578142
1	11579718
1	11580424
1	11583563
1	11584566
1	11587275
1	11588353
1	11588939
1	11589228
1	11589604
1	11591064
1	11593168
1	11593491
1	11594055
1	11594563
1	11596949
1	11597101
1	11598910
1	11599316
1	11600469
1	11600543
1	11602443
1	11603658
1	11606719
1	11608401
1	11613236
1	11615407
1	11616240
1	11616307
1	11617630
1	11619159
1	11622712
1	11625197
1	11628185
1	11629606
1	11630484
1	11632313
1	11634219
1	11635038
1	11635471
1	11636715
1	11637424
1	11638655
1	11638912
1	11642814
1	11652480
1	11653814
1	11654570
1	11656902
1	11657857
1	11659359
1	11659510
1	11659873
1	11661119
1	11661292
1	11662092
1	11664842
1	11666795
1	11669066
1	11672541
1	11674004
1	11678821
1	11679228
1	11679338
1	11679541
1	11679894
1	11680012
1	11681237
1	11683577
1	11683579
1	11684142
1	11684666
1	11684760
1	11685539
1	11685686
1	11685768
1	11686431
1	11686526
1	11688023
1	11688164
1	11689902
1	11690775
1	11690853
1	11694119
1	11697182
1	11699383
1	11701922
1	11702378
1	11702484
1	11703528
1	11703890
1	11704987
1	11705583
1	11706203
1	11710152
1	11711277
1	11712555
1	11714671
1	11715327
1	11715535
1	11715679
1	11717045
1	11717703
1	11718266
1	11719425
1	11722552
1	11723794
1	11724460
1	11725320
1	11726384
1	11726883
1	11729574
1	11730758
1	11732890
1	11733172
1	11733291
1	11734185
1	11734485
1	11735080
1	11735357
1	11737668
1	11738837
1	11739098
1	11740172
1	11742091
1	11744436
1	11744877
1	11745171
1	11745275
1	11746717
1	11747603
1	11748198
1	11748347
1	11748589
1	11749175
1	11749327
1	11750800
1	11751488
1	11753404
1	11753532
1	11754119
1	11754445
1	11755116
1	11756110
1	11756519
1	11757229
1	11757350
1	11757460
1	11757617
1	11758241
1	11759401
1	11759941
1	11761355
1	11762328
1	11763060
1	11763708
1	11764448
1	11764799
1	11764859
1	11768382
1	11769888
1	11771668
1	11772240
1	11773226
1	11774572
1	11774627
1	11775069
1	11777494
1	11779299
1	11782106
1	11783875
1	11784172
1	11784296
1	11784341
1	11785027
1	11785238
1	11785570
1	11794504
1	11797272
1	11797469
1	11800449
1	11802937
1	11807075
1	11808469
1	11808684
1	11810412
1	11810873
1	11811202
1	11811940
1	11812422
1	11815335
1	11815486
1	11822506
1	11822583
1	11823248
1	11824013
1	11824384
1	11825287
1	11826139
1	11826462
1	11828560
1	11828860
1	11828899
1	11830214
1	11830240
1	11831732
1	11831807
1	11839191
1	11839830
1	11840394
1	11844084
1	11844134
1	11844879
1	11845761
1	11847748
1	11850298
1	11857416
1	11857418
1	11857531
1	11858628
1	11859629
1	11861215
1	11862245
1	11862346
1	11862530
1	11862969
1	11863656
1	11865177
1	11865996
1	11867784
1	11868270
1	11868550
1	11870666
1	11872661
1	11873353
1	11873724
1	11874337
1	11877498
1	11878702
1	11880351
1	11880527
1	11881561
1	11881743
1	11881745
1	11883864
1	11885402
1	11886659
1	11886703
1	11886760
1	11887038
1	11887055
1	11902771
1	11905941
1	11906090
1	11907023
1	11907434
1	11907907
1	11908252
1	11910575
1	11912089
1	11922327
1	11924228
1	11925771
1	11926789
1	11928407
1	11931009
1	11931962
1	11935615
1	11935777
1	11937656
1	11938308
1	11938416
1	11938773
1	11940544
1	11941808
1	11942968
1	11944206
1	11945160
1	11946532
1	11946649
1	11947542
1	11947716
1	11948165
1	11948291
1	11948714
1	11948929
1	11950906
1	11953679
1	11954820
1	11957408
1	11959461
1	11959503
1	11959528
1	11960004
1	11960243
1	11961013
1	11961788
1	11962603
1	11963793
1	11964509
1	11966462
1	11966710
1	11969833
1	11970723
1	11971415
1	11971506
1	11980125
1	11985659
1	11986218
1	11989475
1	11991780
1	11991839
1	11991954
1	11992349
1	11992665
1	11994188
1	11994305
1	11995063
1	11995410
1	11995966
1	11996209
1	11996509
1	11999407
1	11999465
1	11999652
1	12000535
1	12001358
1	12003060
1	12005827
1	12006258
1	12006271
1	12006387
1	12013019
1	12013504
1	12013767
1	12014771
1	12014778
1	12015549
1	12024315
1	12024694
1	12026410
1	12026978
1	12027705
1	12027837
1	12028178
1	12028983
1	12031204
1	12033037
1	12033150
1	12033554
1	12033622
1	12033673
1	12035066
1	12035418
1	12035501
1	12035646
1	12036647
1	12037432
1	12037609
1	12038530
1	12038706
1	12038843
1	12039250
1	12040002
1	12040097
1	12040345
1	12040480
1	12041097
1	12041470
1	12041610
1	12041739
1	12042138
1	12043233
1	12048072
1	12048271
1	12048691
1	12052272
1	12052367
1	12052809
1	12052834
1	12057143
1	12057207
1	12058691
1	12060197
1	12060506
1	12061938
1	12062499
1	12062987
1	12063329
1	12063721
1	12063807
1	12066652
1	12067023
1	12067656
1	12070831
1	12071013
1	12071715
1	12072116
1	12072692
1	12073513
1	12073559
1	12073965
1	12076298
1	12081212
1	12081781
1	12083044
1	12083698
1	12083725
1	12084472
1	12086139
1	12087206
1	12088823
1	12089115
1	12089301
1	12090173
1	12090450
1	12090482
1	12091702
1	12092328
1	12093050
1	12097285
1	12097484
1	12098108
1	12098256
1	12098449
1	12098819
1	12101159
1	12101503
1	12103289
1	12103995
1	12104799
1	12105190
1	12105956
1	12106025
1	12106419
1	12107865
1	12110845
1	12112472
1	12112948
1	12113084
1	12113412
1	12115266
1	12115932
1	12116668
1	12118359
1	12118424
1	12118856
1	12118917
1	12119371
1	12119638
1	12121221
1	12123255
1	12123647
1	12124899
1	12128501
1	12128506
1	12129804
1	12129848
1	12131942
1	12132565
1	12133262
1	12134538
1	12148433
1	12151005
1	12153323
1	12164306
1	12164336
1	12165939
1	12167239
1	12171147
1	12171721
1	12173643
1	12173985
1	12174084
1	12177934
1	12179513
1	12179517
1	12181794
1	12184798
1	12185959
1	12186208
1	12186683
1	12186863
1	12187046
1	12188251
1	12188798
1	12190259
1	12191077
1	12191825
1	12192283
1	12192498
1	12192976
1	12193845
1	12195354
1	12196565
1	12197496
1	12202771
1	12206480
1	12207583
1	12210678
1	12210918
1	12214043
1	12215509
1	12216241
1	12216250
1	12219503
1	12219605
1	12220505
1	12220886
1	12221625
1	12221906
1	12222070
1	12222574
1	12225955
1	12226124
1	12226130
1	12227643
1	12229202
1	12230499
1	12232285
1	12232330
1	12232332
1	12232487
1	12233241
1	12233387
1	12234754
1	12234908
1	12236722
1	12237689
1	12237788
1	12239361
1	12241781
1	12242595
1	12243535
1	12244000
1	12244242
1	12244864
1	12245210
1	12245804
1	12245989
1	12246364
1	12247225
1	12248084
1	12251252
1	12252581
1	12252639
1	12252985
1	12253140
1	12253526
1	12253898
1	12253921
1	12254052
1	12256615
1	12256873
1	12258706
1	12259101
1	12259703
1	12260747
1	12261880
1	12261927
1	12269451
1	12270276
1	12270338
1	12271681
1	12278738
1	12280706
1	12280772
1	12281850
1	12282649
1	12283462
1	12283553
1	12284536
1	12285250
1	12285621
1	12285852
1	12286813
1	12287962
1	12289989
1	12291058
1	12291349
1	12291526
1	12291639
1	12292441
1	12292461
1	12294211
1	12295221
1	12295485
1	12298260
1	12299498
1	12300691
1	12303731
1	12304142
1	12304363
1	12304419
1	12304535
1	12304758
1	12309050
1	12311736
1	12316445
1	12321789
1	12322772
1	12326474
1	12351037
1	12351273
1	12353254
1	12353373
1	12353896
1	12354545
1	12356317
1	12356990
1	12357056
1	12357615
1	12359279
1	12361456
1	12361476
1	12361703
1	12366706
1	12367408
1	12368362
1	12368387
1	12369107
1	12369150
1	12369284
1	12370052
1	12371029
1	12372084
1	12372184
1	12372430
1	12375116
1	12386805
1	12387220
1	12396487
1	12396530
1	12397477
1	12398512
1	12398546
1	12399825
1	12400277
1	12400716
1	12415801
1	12417703
1	12417729
1	12419426
1	12419546
1	12419641
1	12422354
1	12422424
1	12423670
1	12423712
1	12424952
1	12425361
1	12425605
1	12425737
1	12426874
1	12426995
1	12427720
1	12429059
1	12429205
1	12430061
1	12432848
1	12433531
1	12436889
1	12437800
1	12439538
1	12440578
1	12440631
1	12441133
1	12442532
1	12443830
1	12443976
1	12444174
1	12444410
1	12444461
1	12444984
1	12445426
1	12445683
1	12445903
1	12446487
1	12447425
1	12447638
1	12449506
1	12452268
1	12453340
1	12455387
1	12455481
1	12455495
1	12458744
1	12459779
1	12461242
1	12461559
1	12461812
1	12463269
1	12463429
1	12464317
1	12467598
1	12467836
1	12470471
1	12470675
1	12470896
1	12471351
1	12472087
1	12474538
1	12476253
1	12477159
1	12478332
1	12478488
1	12478962
1	12479526
1	12479782
1	12479804
1	12480245
1	12480254
1	12481549
1	12481974
1	12481985
1	12483664
1	12485021
1	12485120
1	12485135
1	12485771
1	12490153
1	12491119
1	12491929
1	12493530
1	12495374
1	12498248
1	12500027
1	12503554
1	12503572
1	12505545
1	12506390
1	12506442
1	12507094
1	12507209
1	12507949
1	12508160
1	12508209
1	12508301
1	12508388
1	12508522
1	12509908
1	12510323
1	12510590
1	12510870
1	12511046
1	12511353
1	12512063
1	12512443
1	12512981
1	12513183
1	12513431
1	12513606
1	12513826
1	12513984
1	12514006
1	12514457
1	12515464
1	12515997
1	12517209
1	12517308
1	12518024
1	12518201
1	12518431
1	12518944
1	12519247
1	12519576
1	12519713
1	12520113
1	12520483
1	12520709
1	12522053
1	12522204
1	12523271
1	12525689
1	12526402
1	12527458
1	12527477
1	12532379
1	12533082
1	12533084
1	12533571
1	12535700
1	12537013
1	12537816
1	12538035
1	12541935
1	12542018
1	12542554
1	12544332
1	12544965
1	12547695
1	12549074
1	12549523
1	12554530
1	12554805
1	12555705
1	12557989
1	12559266
1	12559279
1	12560686
1	12561886
1	12564547
1	12568519
1	12569397
1	12569490
1	12569516
1	12570375
1	12572382
1	12573017
1	12573199
1	12573270
1	12573352
1	12576171
1	12576501
1	12577080
1	12578571
1	12579932
1	12581417
1	12581924
1	12582049
1	12582196
1	12582638
1	12582838
1	12583405
1	12584992
1	12587033
1	12592054
1	12592157
1	12592174
1	12592620
1	12593841
1	12595112
1	12595259
1	12595290
1	12595537
1	12595669
1	12595686
1	12595827
1	12597632
1	12597993
1	12602197
1	12602477
1	12602582
1	12603437
1	12604206
1	12604935
1	12606497
1	12607416
1	12607965
1	12608535
1	12609198
1	12609817
1	12610054
1	12611135
1	12611375
1	12612986
1	12614757
1	12615188
1	12615992
1	12617659
1	12618001
1	12623686
1	12623912
1	12625327
1	12625337
1	12625443
1	12628772
1	12629013
1	12633117
1	12639006
1	12639430
1	12644867
1	12644931
1	12645520
1	12646141
1	12646662
1	12649942
1	12650305
1	12652345
1	12652427
1	12652590
1	12660055
1	12660228
1	12668939
1	12677730
1	12687685
1	12688068
1	12688263
1	12688454
1	12690164
1	12690657
1	12693870
1	12694675
1	12694714
1	12694887
1	12697802
1	12698140
1	12698784
1	12700622
1	12702928
1	12703207
1	12703350
1	12703953
1	12708551
1	12708578
1	12709005
1	12709024
1	12710865
1	12710990
1	12711103
1	12711498
1	12712050
1	12712273
1	12729736
1	12730415
1	12731388
1	12734924
1	12737833
1	12738197
1	12740181
1	12740321
1	12740481
1	12740567
1	12740713
1	12741327
1	12742198
1	12742200
1	12742426
1	12742597
1	12743389
1	12744138
1	12746239
1	12747904
1	12748187
1	12748535
1	12748824
1	12808233
1	12812425
1	12812529
1	12812672
1	12813013
1	12813160
1	12813867
1	12814991
1	12815023
1	12816728
1	12840530
1	12843165
1	12848488
1	12848909
1	12848919
1	12849471
1	12851991
1	12853852
1	12856422
1	12856645
1	12857329
1	12857340
1	12857988
1	12858100
1	12858116
1	12858118
1	12858120
1	12858187
1	12859897
1	12860524
1	12861583
1	12861659
1	12862222
1	12862542
1	12862651
1	12863240
1	12863461
1	12863538
1	12863678
1	12865950
1	12866064
1	12868293
1	12868715
1	12869319
1	12869659
1	12870124
1	12872785
1	12873578
1	12875063
1	12875179
1	12875492
1	12878607
1	12883016
1	12884409
1	12884606
1	12886377
1	12886588
1	12886801
1	12887457
1	12891041
1	12891109
1	12892511
1	12892887
1	12892970
1	12896813
1	12897344
1	12899439
1	12899591
1	12899648
1	12900271
1	12900350
1	12901368
1	12909603
1	12910202
1	12911955
1	12913475
1	12914479
1	12914598
1	12915004
1	12915746
1	12915888
1	12919096
1	12919674
1	12920365
1	12922209
1	12922604
1	12922833
1	12925205
1	12925343
1	12925446
1	12925648
1	12926004
1	12928356
1	12928853
1	12928887
1	12929776
1	12930441
1	12931691
1	12931887
1	12932000
1	12932257
1	12932277
1	12932371
1	12932625
1	12935443
1	12935573
1	12936247
1	12936338
1	12937566
1	12939961
1	12940524
1	12941873
1	12942034
1	12942584
1	12943772
1	12947485
1	12948288
1	12948521
1	12949808
1	12949915
1	12955486
1	12956366
1	12957428
1	12958277
1	12958412
1	12964897
1	12965650
1	12966032
1	12966551
1	12966728
1	12967262
1	12967644
1	12971297
1	12971319
1	12971731
1	12971950
1	12972060
1	12974896
1	12975393
1	12975602
1	12975737
1	12975740
1	12977329
1	12977661
1	12979556
1	12981967
1	12984873
1	12986427
1	12989962
1	12990593
1	12992207
1	12992961
1	12993802
1	12997180
1	12997306
1	12999996
1	13000430
1	13000577
1	13000852
1	13002105
1	13002515
1	13002710
1	13002992
1	13003997
1	13004361
1	13004375
1	13004415
1	13004452
1	13004718
1	13006152
1	13006301
1	13007738
1	13008643
1	13008794
1	13008874
1	13009386
1	13009508
1	13009848
1	13010518
1	13012405
1	13013026
1	13013275
1	13013649
1	13013668
1	13014981
1	13015286
1	13018251
1	13018308
1	13018403
1	13020507
1	13021357
1	13023248
1	13023342
1	13025031
1	13025041
1	13025247
1	13025906
1	13025977
1	13028236
1	13028487
1	13028885
1	13029637
1	13031687
1	13033836
1	13034064
1	13034411
1	13036026
1	13036872
1	13037179
1	13037407
1	13037469
1	13038738
1	13039603
1	13039908
1	13040427
1	13042849
1	13043209
1	13043363
1	13043373
1	13043454
1	13043698
1	13045000
1	13046845
1	13046896
1	13047081
1	13047260
1	13049010
1	13049795
1	13049872
1	13050304
1	13054875
1	13055072
1	13056780
1	13056934
1	13058774
1	13059951
1	13061584
1	13062351
1	13063047
1	13065515
1	13066085
1	13066195
1	13066263
1	13066449
1	13066666
1	13066808
1	13066874
1	13067073
1	13068224
1	13068335
1	13068690
1	13071156
1	13071374
1	13071443
1	13071931
1	13072506
1	13072797
1	13074013
1	13074468
1	13076930
1	13077453
1	13078630
1	13078755
1	13079336
1	13080112
1	13080174
1	13080226
1	13081930
1	13082022
1	13082527
1	13082696
1	13082843
1	13083358
1	13083380
1	13084742
1	13084893
1	13085495
1	13085700
1	13086718
1	13086945
1	13087009
1	13089766
1	13090043
1	13090533
1	13091427
1	13092362
1	13093225
1	13093272
1	13096668
1	13100487
1	13100517
1	13100545
1	13101491
1	13103233
1	13103241
1	13104298
1	13104353
1	13104493
1	13104535
1	13104990
1	13105206
1	13105804
1	13106867
1	13107311
1	13107646
1	13107654
1	13107956
1	13108038
1	13108294
1	13108333
1	13109042
1	13109356
1	13109422
1	13110564
1	13110855
1	13111720
1	13113186
1	13115785
1	13116676
1	13117020
1	13117269
1	13117642
1	13122313
1	13123420
1	13123624
1	13130947
1	13140284
1	13140544
1	13141340
1	13141809
1	13141841
1	13142070
1	13143049
1	13143681
1	13144126
1	13144464
1	13144849
1	13145305
1	13145659
1	13145781
1	13145837
1	13145877
1	13145937
1	13147404
1	13147974
1	13149327
1	13150435
1	13151509
1	13153047
1	13153840
1	13153976
1	13154043
1	13154858
1	13156546
1	13156902
1	13156971
1	13159372
1	13169364
1	13169754
1	13170115
1	13171015
1	13171034
1	13171663
1	13172431
1	13193597
1	13193861
1	13196171
1	13197745
1	13199660
1	13203386
1	13206000
1	13209517
1	13209824
1	13210052
1	13222795
1	13224488
1	13225261
1	13225693
1	13225897
1	13226103
1	13227384
1	13227877
1	13228071
1	13232103
1	13233411
1	13233855
1	13234970
1	13238479
1	13242545
1	13248858
1	13248926
1	13251443
1	13251457
1	13251460
1	13251617
1	13252461
1	13253187
1	13253207
1	13254481
1	13254670
1	13255335
1	13259247
1	13259950
1	13260536
1	13267195
1	13269911
1	13273086
1	13276397
1	13276489
1	13277755
1	13277771
1	13278717
1	13278965
1	13279216
1	13280299
1	13280891
1	13281245
1	13281763
1	13281877
1	13281964
1	13282699
1	13283912
1	13286101
1	13286442
1	13287041
1	13288360
1	13289179
1	13289233
1	13289259
1	13290521
1	13290744
1	13291553
1	13291952
1	13293543
1	13295042
1	13295234
1	13295317
1	13295408
1	13295448
1	13295816
1	13295888
1	13295954
1	13296339
1	13296903
1	13297599
1	13298201
1	13298583
1	13298678
1	13299068
1	13299333
1	13300459
1	13300834
1	13301988
1	13302763
1	13302768
1	13302943
1	13302983
1	13304372
1	13305178
1	13306036
1	13307588
1	13308498
1	13311057
1	13311160
1	13311926
1	13312065
1	13312636
1	13313225
1	13315715
1	13316131
1	13317645
1	13319164
1	13320239
1	13323362
1	13323855
1	13324279
1	13325199
1	13325887
1	13326590
1	13328189
1	13328321
1	13328331
1	13328360
1	13328442
1	13328525
1	13328617
1	13328744
1	13329697
1	13329704
1	13331133
1	13331790
1	13333037
1	13333706
1	13334366
1	13341146
1	13342531
1	13342577
1	13343678
1	13344283
1	13344329
1	13344330
1	13345060
1	13345492
1	13346888
1	13347053
1	13347425
1	13347678
1	13348004
1	13348569
1	13350847
1	13351123
1	13351309
1	13353931
1	13355081
1	13355267
1	13357156
1	13357201
1	13358034
1	13359569
1	13362037
1	13362069
1	13362867
1	13364328
1	13368705
1	13369905
1	13370594
1	13370718
1	13371403
1	13373187
1	13373222
1	13375519
1	13376242
1	13378454
1	13380204
1	13380486
1	13381929
1	13384352
1	13385692
1	13386110
1	13386435
1	13387571
1	13388427
1	13388511
1	13391287
1	13391611
1	13391676
1	13392859
1	13392913
1	13394242
1	13394504
1	13395184
1	13395261
1	13396265
1	13396831
1	13397985
1	13399763
1	13400072
1	13400226
1	13400477
1	13401917
1	13403502
1	13403871
1	13406476
1	13406548
1	13407212
1	13410174
1	13410694
1	13411264
1	13411543
1	13411827
1	13412275
1	13413174
1	13413822
1	13413908
1	13413978
1	13414953
1	13415477
1	13422362
1	13422695
1	13422990
1	13423114
1	13427443
1	13427853
1	13427999
1	13428042
1	13428125
1	13428194
1	13429165
1	13429612
1	13430978
1	13431100
1	13431219
1	13431566
1	13432655
1	13433934
1	13434809
1	13435281
1	13435470
1	13435639
1	13435740
1	13435990
1	13436283
1	13438289
1	13440157
1	13441891
1	13441941
1	13442135
1	13442243
1	13442486
1	13443115
1	13444450
1	13445055
1	13445194
1	13445944
1	13446611
1	13446664
1	13448525
1	13449056
1	13451394
1	13453367
1	13454013
1	13455174
1	13456114
1	13457836
1	13459914
1	13460402
1	13460999
1	13462626
1	13462636
1	13464203
1	13529453
1	13530746
1	13530921
1	13530961
1	13531154
1	13531452
1	13531613
1	13535568
1	13536121
1	13536185
1	13536877
1	13537884
1	13538977
1	13540436
1	13544575
1	13544715
1	13546405
1	13547571
1	13548337
1	13548774
1	13548977
1	13549777
1	13553560
1	13553709
1	13554794
1	13555896
1	13556318
1	13558757
1	13571409
1	13574133
1	13577648
1	13597125
1	13599756
1	13600120
1	13610614
1	13610835
1	13610862
1	13612775
1	13613693
1	13613829
1	13613968
1	13613974
1	13619039
1	13619096
1	13620099
1	13623722
1	13624681
1	13624981
1	13626604
1	13640703
1	13640904
1	13641106
1	13643873
1	13653891
1	13654386
1	13655988
1	13656047
1	13656184
1	13656332
1	13656467
1	13656803
1	13657967
1	13670949
1	13672846
1	13676626
1	13676690
1	13677383
1	13679089
1	13682956
1	13683803
1	13685371
1	13685726
1	13688345
1	13688868
1	13694860
1	13698775
1	13699535
1	13701725
1	13702217
1	13703284
1	13704985
1	13707819
1	13708864
1	13709917
1	13710345
1	13712793
1	13714208
1	13715831
1	13716214
1	13717267
1	13726716
1	13726860
1	13727000
1	13727010
1	13733184
1	13733255
1	13738336
1	13743657
1	13744171
1	13745076
1	13745208
1	13747779
1	13747900
1	13771810
1	13771836
1	13772314
1	13783388
1	13813754
1	13816629
1	13825125
1	13825397
1	13826063
1	13826792
1	13828008
1	13832058
1	13832507
1	13832565
1	13834292
1	13834405
1	13837951
1	13839069
1	13839692
1	13840468
1	13841295
1	13842062
1	13842142
1	13842295
1	13843090
1	13843630
1	13844001
1	13844270
1	13844369
1	13845970
1	13847438
1	13848321
1	13849124
1	13849209
1	13849232
1	13850830
1	13851155
1	13851363
1	13852758
1	13853518
1	13853571
1	13853665
1	13854474
1	13855393
1	13855472
1	13855808
1	13857994
1	13858012
1	13858200
1	13858645
1	13858718
1	13859427
1	13859765
1	13861110
1	13861231
1	13862456
1	13864730
1	13866499
1	13866543
1	13866706
1	13867051
1	13867112
1	13867684
1	13867970
1	13868009
1	13869711
1	13870967
1	13871079
1	13871623
1	13872556
1	13872854
1	13872986
1	13873430
1	13873550
1	13873621
1	13873916
1	13874765
1	13875421
1	13875938
1	13876116
1	13876200
1	13876882
1	13877239
1	13877543
1	13877785
1	13880053
1	13881395
1	13881821
1	13882689
1	13891287
1	13891339
1	13891838
1	13892458
1	13893348
1	13893448
1	13894433
1	13894484
1	13894577
1	13894655
1	13895217
1	13896427
1	13898640
1	13899780
1	13900478
1	13900598
1	13901623
1	13901697
1	13906133
1	13907088
1	13910600
1	13910702
1	13910929
1	13911307
1	13911466
1	13912354
1	13912518
1	13913581
1	13913631
1	13913692
1	13914501
1	13916835
1	13916928
1	13916964
1	13917625
1	13918351
1	13918968
1	13919077
1	13920030
1	13922193
1	13922552
1	13923072
1	13924994
1	13925384
1	13925399
1	13929717
1	13929829
1	13930214
1	13937035
1	13938537
1	13938769
1	13938900
1	13939669
1	13939770
1	13944261
1	13948167
1	13948371
1	13949164
1	13949648
1	13950357
1	13951312
1	13951385
1	13952337
1	13952547
1	13952833
1	13952938
1	13953943
1	13954304
1	13955706
1	13955759
1	13956159
1	13958340
1	13958860
1	13962167
1	13963690
1	13964418
1	13964955
1	13965247
1	13965353
1	13966254
1	13966556
1	13966575
1	13966647
1	13967213
1	13967412
1	13967625
1	13967972
1	13968185
1	13968583
1	13969540
1	13969637
1	13970027
1	13970397
1	13970863
1	13970977
1	13971299
1	13971588
1	13974936
1	13974957
1	13974963
1	13975703
1	13976242
1	13976479
1	13976912
1	13977632
1	13977898
1	13977990
1	13978841
1	13979044
1	13980247
1	13980450
1	13981862
1	13982165
1	13982200
1	13982682
1	13982823
1	13983274
1	13983631
1	13984416
1	13984869
1	13985182
1	13986653
1	13986717
1	13987518
1	13987730
1	13988608
1	13989666
1	13991480
1	13992117
1	13992147
1	13993022
1	13993274
1	13993527
1	13994157
1	13994353
1	13994681
1	13995173
1	13995379
1	13996060
1	13996180
1	13997415
1	13998286
1	13998612
1	13999474
1	14000633
1	14001909
1	14001967
1	14002007
1	14004357
1	14006357
1	14006591
1	14006893
1	14008332
1	14008384
1	14008646
1	14010021
1	14010063
1	14010361
1	14011520
1	14014213
1	14015536
1	14016613
1	14016675
1	14017157
1	14018359
1	14018772
1	14018936
1	14020357
1	14020756
1	14021653
1	14022580
1	14023545
1	14024127
1	14024618
1	14024734
1	14025128
1	14031590
1	14031993
1	14032068
1	14032069
1	14032484
1	14032925
1	14032989
1	14033317
1	14033379
1	14033871
1	14033947
1	14035388
1	14036203
1	14036252
1	14036846
1	14037034
1	14037520
1	14038758
1	14039037
1	14039100
1	14039113
1	14040328
1	14040730
1	14041512
1	14043864
1	14044040
1	14047502
1	14047859
1	14048171
1	14049483
1	14049607
1	14049694
1	14050086
1	14050098
1	14051036
1	14051620
1	14052055
1	14053767
1	14054971
1	14055587
1	14055651
1	14055877
1	14056142
1	14056208
1	14056222
1	14056477
1	14056881
1	14056943
1	14057006
1	14057203
1	14057302
1	14059562
1	14061891
1	14062236
1	14062875
1	14063676
1	14063715
1	14064012
1	14064570
1	14065192
1	14065251
1	14065431
1	14066931
1	14066961
1	14067113
1	14067286
1	14068697
1	14068788
1	14069535
1	14070224
1	14070232
1	14076850
1	14076863
1	14076969
1	14077424
1	14077491
1	14079008
1	14079352
1	14080144
1	14081580
1	14082262
1	14082445
1	14082455
1	14094881
1	14095072
1	14095674
1	14096067
1	14097164
1	14097490
1	14098118
1	14100569
1	14102108
1	14103981
1	14105975
1	14107265
1	14107700
1	14107992
1	14107997
1	14108044
1	14108276
1	14108441
1	14108827
1	14109018
1	14109442
1	14110057
1	14110154
1	14111162
1	14112044
1	14112537
1	14112635
1	14112681
1	14113420
1	14113536
1	14113746
1	14114132
1	14114441
1	14114684
1	14115028
1	14115033
1	14115472
1	14115820
1	14115863
1	14118236
1	14118827
1	14119238
1	14119299
1	14119435
1	14120554
1	14121523
1	14122538
1	14122963
1	14123086
1	14123356
1	14123911
1	14125140
1	14125889
1	14127093
1	14127455
1	14127769
1	14128022
1	14128122
1	14128557
1	14128735
1	14128981
1	14129463
1	14130460
1	14130479
1	14130542
1	14130566
1	14131088
1	14131117
1	14131684
1	14134078
1	14135004
1	14135020
1	14135580
1	14135674
1	14135695
1	14136020
1	14136201
1	14136220
1	14137382
1	14138416
1	14139083
1	14139249
1	14139301
1	14140327
1	14141077
1	14141143
1	14142712
1	14142794
1	14143297
1	14143590
1	14144010
1	14144151
1	14144685
1	14145729
1	14147013
1	14148884
1	14150696
1	14150929
1	14152651
1	14152732
1	14153230
1	14153476
1	14154775
1	14154994
1	14155585
1	14157550
1	14160061
1	14160667
1	14161004
1	14163308
1	14164674
1	14164688
1	14164863
1	14165544
1	14166708
1	14168985
1	14171297
1	14171808
1	14173269
1	14174520
1	14177881
1	14178060
1	14185150
1	14185782
1	14187176
1	14187735
1	14188050
1	14193138
1	14193760
1	14194187
1	14197881
1	14198544
1	14199268
1	14205937
1	14207541
1	14207741
1	14209215
1	14209252
1	14210775
1	14210970
1	14211600
1	14211701
1	14211779
1	14211812
1	14211865
1	14213655
1	14214570
1	14225002
1	14225897
1	14225920
1	14225992
1	14227318
1	14227603
1	14229383
1	14231572
1	14232674
1	14232706
1	14242446
1	14242627
1	14242841
1	14242886
1	14243890
1	14244449
1	14244497
1	14246841
1	14252487
1	14253223
1	14254005
1	14254709
1	14257271
1	14259391
1	14262532
1	14262711
1	14264383
1	14265717
1	14267081
1	14267323
1	14269549
1	14270088
1	14270439
1	14271368
1	14274110
1	14274315
1	14274806
1	14275362
1	14276011
1	14276370
1	14276473
1	14277800
1	14278150
1	14279163
1	14280047
1	14280850
1	14280870
1	14283091
1	14283101
1	14283965
1	14284558
1	14284630
1	14285259
1	14285937
1	14286153
1	14286259
1	14287444
1	14300440
1	14301708
1	14302050
1	14302125
1	14302660
1	14302696
1	14304407
1	14306991
1	14307152
1	14308612
1	14310648
1	14313095
1	14313105
1	14314275
1	14314333
1	14314628
1	14315027
1	14321646
1	14323695
1	14324187
1	14324562
1	14328366
1	14330021
1	14330073
1	14330809
1	14330932
1	14331326
1	14331938
1	14333510
1	14333988
1	14334034
1	14432608
1	14445725
1	14495494
1	14590230
1	15138842
1	15141110
1	15162698
1	15163100
1	15163214
1	15166308
1	15216228
1	15414933
1	15415529
1	15415594
1	15415612
1	15416819
1	15419994
1	15420118
1	15425288
1	15425978
1	15425996
1	15434228
1	15434483
1	15434529
1	15435437
1	15436506
1	15436540
1	15505874
1	15509990
1	15510588
1	15512377
1	15519602
1	15519783
1	15520677
1	15521284
1	15521480
1	15521774
1	15522461
1	15522628
1	15522852
1	15523672
1	15523961
1	15525019
1	15525478
1	15526088
1	15526252
1	15528321
1	15528840
1	15529499
1	15529945
1	15530439
1	15530934
1	15531008
1	15531542
1	15531732
1	15532012
1	15532380
1	15532645
1	15533375
1	15533423
1	15534171
1	15534190
1	15534376
1	15534699
1	15535023
1	15535037
1	15535164
1	15535579
1	15539657
1	15540692
1	15540854
1	15541020
1	15542793
1	15542812
1	15545695
1	15546128
1	15546545
1	15546715
1	15547372
1	15548863
1	15549192
1	15549415
1	15549688
1	15549949
1	15550164
1	15551597
1	15560389
1	15567801
1	15571335
1	15571537
1	15572328
1	15572694
1	15572711
1	15573115
1	15573830
1	15574699
1	15574968
1	15575010
1	15575029
1	15575212
1	15575386
1	15575422
1	15575893
1	15576018
1	15576034
1	15577101
1	15577587
1	15578116
1	15578238
1	15579865
1	15580255
1	15582139
1	15582979
1	15583064
1	15583144
1	15583723
1	15584032
1	15584381
1	15584606
1	15584679
1	15584693
1	15585532
1	15586232
1	15586371
1	15586593
1	15586606
1	15586634
1	15586936
1	15587074
1	15587940
1	15588428
1	15590171
1	15590319
1	15591257
1	15592003
1	15592030
1	15592327
1	15592437
1	15595383
1	15596302
1	15596580
1	15599088
1	15599676
1	15600741
1	15601383
1	15602591
1	15603048
1	15605629
1	15608362
1	15608823
1	15609863
1	15613269
1	15614089
1	15615304
1	15615869
1	15616002
1	15618113
1	15618582
1	15618588
1	15618625
1	15619105
1	15620632
1	15622309
1	15622706
1	15623172
1	15623607
1	15623620
1	15623853
1	15624446
1	15624520
1	15624752
1	15624913
1	15625048
1	15625299
1	15626639
1	15627347
1	15627378
1	15627548
1	15628385
1	15629864
1	15630066
1	15631680
1	15631739
1	15631910
1	15632338
1	15633018
1	15633414
1	15633496
1	15633767
1	15634116
1	15637943
1	15637990
1	15638761
1	15639988
1	15640496
1	15640527
1	15640679
1	15640881
1	15641130
1	15642595
1	15643368
1	15644211
1	15644667
1	15644793
1	15645091
1	15646369
1	15646452
1	15646689
1	15647200
1	15647619
1	15648274
1	15648675
1	15650459
1	15651999
1	15652297
1	15652434
1	15652509
1	15816547
1	15816901
1	15818224
1	15818387
1	15819260
1	15888297
1	15888360
1	15894352
1	15894654
1	15894948
1	15897803
1	15897894
1	15898264
1	15898440
1	15899139
1	15899147
1	15899678
1	15900137
1	15900300
1	15901460
1	15904726
1	15907504
1	15907565
1	15907748
1	15907980
1	15909005
1	15909225
1	15911384
1	15912146
1	15914057
1	15914360
1	15915485
1	15916266
1	15916274
1	15916590
1	15916695
1	15917895
1	15918035
1	15918084
1	15918174
1	15918225
1	15918232
1	15918847
1	15918973
1	15918984
1	15919266
1	15919312
1	15921822
1	15921937
1	15926805
1	15927575
1	15927841
1	15930019
1	15930730
1	15933188
1	15933414
1	15934331
1	15935667
1	15938214
1	15939318
1	15942533
1	15942713
1	15942962
1	15943156
1	15944314
1	15946051
1	15947202
1	15949483
1	15956758
1	15958344
1	15958346
1	15958372
1	15959442
1	15959960
1	15959997
1	15960053
1	15962169
1	15962227
1	15963671
1	15963944
1	15964404
1	15964461
1	15964567
1	15964630
1	15965060
1	15965119
1	15965196
1	15965835
1	15966233
1	15966246
1	15966403
1	15966745
1	15966889
1	15967143
1	15967897
1	15967927
1	15968013
1	15968345
1	15968866
1	15968910
1	15968927
1	15969601
1	15969727
1	15971996
1	15973313
1	15973725
1	15974794
1	15980806
1	15980835
1	15982422
1	16008317
1	16008433
1	16009691
1	16012511
1	16031165
1	16031873
1	16055826
1	16055872
1	16057220
1	16058971
1	16073823
1	16083133
1	16113023
1	16115642
1	16117545
1	16117551
1	16117669
1	16117847
1	16124243
1	16124317
1	16124346
1	16124638
1	16125858
1	16127032
1	16128619
1	16129855
1	16131968
1	16132171
1	16133342
1	16135615
1	16135876
1	16137770
1	16137863
1	16139495
1	16140245
1	16140896
1	16141629
1	16141959
1	16142774
1	16144814
1	16145682
1	16148489
1	16148889
1	16149788
1	16150728
1	16151000
1	16154619
1	16154722
1	16154998
1	16155645
1	16156106
1	16156676
1	16157795
1	16158178
1	16164593
1	16165773
1	16174868
1	16175150
1	16176416
1	16177403
1	16177425
1	16177598
1	16177683
1	16177952
1	16178338
1	16179768
1	16180017
1	16180024
1	16180376
1	16180843
1	16181498
1	16181522
1	16182089
1	16183583
1	16184269
1	16185836
1	16186305
1	16189313
1	16189429
1	16190005
1	16190710
1	16190846
1	16191829
1	16192343
1	16197474
1	16199092
1	16199638
1	16199667
1	16201319
1	16201386
1	16202197
1	16202498
1	16202786
1	16203010
1	16203117
1	16203556
1	16203854
1	16204557
1	16205031
1	16205176
1	16205218
1	16205774
1	16208191
1	16208261
1	16210552
1	16210889
1	16213108
1	16213990
1	16228048
1	16229600
1	16230423
1	16232994
1	16233289
1	16233711
1	16234167
1	16234617
1	16234718
1	16235318
1	16235385
1	16236522
1	16263725
1	16264111
1	16266413
1	16268179
1	16269219
1	16274275
1	16274866
1	16275000
1	16276647
1	16278304
1	16279908
1	16280018
1	16280637
1	16310081
1	16317821
1	16318832
1	16318905
1	16322912
1	16323716
1	16324676
1	16324722
1	16327512
1	16329103
1	16329389
1	16329614
1	16331331
1	16331820
1	16333114
1	16333190
1	16333259
1	16333837
1	16334956
1	16335029
1	16335425
1	16335906
1	16336052
1	16336769
1	16337037
1	16337118
1	16337241
1	16338847
1	16340392
1	16346952
1	16348074
1	16348290
1	16348333
1	16350462
1	16350511
1	16352266
1	16352281
1	16352588
1	16352989
1	16353244
1	16353668
1	16353675
1	16354737
1	16355023
1	16356426
1	16356431
1	16356750
1	16356858
1	16357120
1	16357423
1	16357461
1	16357496
1	16358146
1	16359079
1	16363328
1	16364112
1	16364375
1	16364474
1	16364823
1	16365124
1	16366366
1	16366445
1	16367600
1	16367688
1	16367852
1	16368259
1	16368399
1	16368515
1	16368753
1	16369764
1	16370371
1	16370635
1	16371566
1	16371719
1	16372399
1	16373109
1	16373440
1	16373873
1	16374600
1	16375738
1	16375967
1	16376225
1	16376302
1	16376567
1	16377188
1	16378592
1	16378736
1	16379960
1	16387969
1	16387997
1	16388039
1	16388372
1	16388710
1	16388729
1	16389030
1	16389400
1	16389645
1	16390584
1	16390731
1	16391155
1	16391412
1	16391617
1	16391636
1	16392169
1	16392347
1	16392683
1	16396988
1	16397777
1	16399966
1	16401859
1	16401888
1	16402740
1	16403805
1	16404775
1	16405732
1	16405895
1	16406131
1	16406184
1	16406397
1	16406568
1	16410349
1	16410898
1	16415240
1	16425568
1	16425729
1	16426063
1	16427589
1	16430022
1	16430667
1	16430875
1	16432161
1	16432258
1	16434009
1	16434424
1	16434960
1	16435803
1	16436080
1	16436386
1	16436388
1	16436764
1	16436974
1	16437265
1	16439205
1	16439364
1	16439607
1	16439901
1	16442563
1	16443332
1	16445601
1	16446818
1	16449091
1	16449382
1	16449468
1	16449718
1	16449913
1	16449978
1	16450106
1	16450353
1	16451500
1	16451736
1	16451893
1	16452835
1	16453310
1	16453654
1	16453807
1	16454776
1	16460344
1	16460505
1	16460790
1	16461095
1	16461704
1	16462690
1	16463800
1	16466933
1	16467047
1	16467883
1	16472239
1	16473088
1	16475836
1	16479780
1	16479924
1	16480619
1	16484562
1	16486465
1	16487630
1	16488393
1	16489096
1	16489833
1	16489869
1	16492044
1	16492540
1	16493799
1	16494509
1	16496791
1	16496921
1	16496977
1	16497622
1	16498173
1	16498426
1	16498662
1	16498674
1	16500068
1	16500833
1	16500858
1	16502191
1	16502219
1	16502325
1	16503325
1	16506076
1	16507098
1	16507416
1	16507983
1	16508551
1	16508719
1	16509081
1	16509446
1	16528929
1	16528994
1	16529292
1	16529618
1	16529675
1	16529802
1	16529839
1	16530312
1	16530611
1	16530944
1	16531509
1	16531583
1	16531982
1	16532192
1	16532815
1	16533055
1	16533392
1	16533526
1	16533597
1	16534130
1	16534135
1	16534300
1	16534836
1	16534979
1	16536375
1	16536560
1	16537801
1	16538896
1	16544348
1	16545522
1	16546400
1	16546714
1	16546921
1	16546940
1	16548156
1	16548266
1	16549179
1	16550161
1	16550339
1	16550935
1	16560829
1	16563217
1	16564984
1	16567728
1	16569199
1	16569216
1	16570437
1	16575286
1	16576331
1	16576358
1	16579042
1	16579801
1	16581193
1	16581720
1	16582338
1	16582712
1	16582852
1	16583186
1	16583342
1	16583413
1	16583419
1	16586288
1	16587481
1	16589851
1	16589946
1	16590018
1	16593548
1	16594312
1	16594418
1	16594585
1	16594995
1	16595077
1	16595278
1	16595281
1	16595310
1	16599561
1	16600279
1	16600295
1	16600395
1	16600644
1	16600880
1	16601018
1	16603604
1	16603609
1	16604592
1	16604625
1	16604649
1	16604683
1	16604887
1	16605038
1	16606088
1	16606608
1	16607268
1	16607859
1	16609284
1	16610919
1	16611066
1	16612346
1	16612762
1	16613169
1	16613336
1	16614531
1	16615079
1	16615129
1	16617345
1	16617405
1	16617774
1	16617806
1	16618330
1	16619900
1	16620980
1	16621626
1	16622086
1	16622802
1	16627184
1	16628155
1	16629187
1	16630149
1	16635371
1	16635955
1	16636216
1	16636391
1	16638245
1	16639184
1	16639237
1	16639417
1	16639436
1	16639979
1	16640035
1	16640270
1	16641094
1	16641291
1	16641606
1	16642198
1	16642454
1	16643110
1	16643488
1	16643608
1	16643626
1	16643696
1	16644079
1	16644689
1	16645603
1	16645719
1	16647662
1	16654233
1	16654678
1	16664446
1	16665924
1	16666632
1	16667325
1	16667513
1	16668399
1	16669996
1	16670318
1	16670504
1	16671505
1	16673256
1	16673519
1	16673847
1	16674261
1	16674646
1	16675121
1	16675159
1	16675182
1	16675297
1	16675863
1	16677327
1	16681118
1	16682177
1	16685323
1	16685398
1	16685511
1	16686097
1	16686155
1	16686416
1	16687482
1	16687788
1	16689330
1	16692978
1	16701175
1	16701442
1	16702170
1	16702296
1	16702695
1	16702830
1	16702906
1	16703118
1	16703180
1	16703655
1	16704022
1	16704202
1	16704480
1	16704550
1	16705161
1	16706008
1	16707246
1	16710047
1	16711335
1	16712102
1	16712189
1	16712598
1	16713600
1	16714708
1	16715108
1	16715402
1	16715519
1	16739353
1	16740359
1	16741225
1	16742057
1	16742309
1	16743593
1	16744159
1	16744397
1	16745374
1	16745630
1	16745676
1	16751657
1	16753970
1	16754441
1	16757085
1	16757153
1	16757416
1	16758028
1	16758642
1	16758802
1	16760914
1	16761308
1	16761332
1	16761814
1	16762798
1	16762961
1	16763433
1	16763774
1	16764605
1	16765651
1	16765660
1	16765883
1	16769911
1	16772522
1	16773301
1	16773470