1	23230445
1	23230501
1	23233175
1	23234322
1	23236315
1	23236393
1	23237786
1	23239451
1	23239576
1	23245288
1	23246138
1	23247072
1	23247237
1	23251549
1	23252306
1	23252506
1	23253051
1	23253829
1	23254498
1	23255052
1	23255693
1	23255873
1	23256674
1	23261832
1	23264355
1	23265160
1	23265913
1	23266281
1	23271746
1	23271783
1	23273028
1	23274029
1	23274211
1	23275784
1	23275810
1	23276356
1	23276911
1	23277706
1	23278698
1	23279666
1	23282380
1	23282573
1	23283508
1	23283616
1	23287661
1	23288681
1	23288686
1	23288902
1	23289001
1	23289593
1	23291098
1	23291362
1	23291410
1	23293678
1	23304343
1	23306029
1	23306092
1	23307232
1	23308331
1	23311045
1	23314345
1	23314986
1	23318801
1	23319436
1	23323313
1	23323982
1	23325920
1	23326074
1	23326085
1	23326902
1	23326948
1	23331621
1	23333005
1	23335513
1	23335905
1	23336339
1	23337277
1	23339403
1	23340767
1	23342415
1	23343031
1	23344244
1	23345242
1	23348236
1	23349025
1	23351138
1	23351841
1	23353125
1	23353158
1	23353329
1	23355795
1	23357553
1	23358304
1	23358382
1	23358508
1	23360258
1	23361551
1	23362027
1	23364154
1	23364164
1	23364249
1	23364470
1	23367350
1	23374228
1	23375090
1	23375823
1	23377860
1	23380098
1	23380241
1	23381140
1	23381600
1	23383892
1	23387413
1	23388687
1	23391525
1	23392558
1	23392982
1	23393194
1	23394454
1	23394522
1	23395119
1	23395870
1	23398105
1	23398342
1	23400713
1	23401014
1	23404366
1	23406243
1	23406626
1	23406755
1	23406866
1	23407100
1	23407216
1	23407285
1	23409714
1	23409794
1	23410452
1	23410879
1	23410982
1	23413576
1	23414263
1	23416464
1	23416655
1	23417484
1	23418049
1	23421777
1	23422309
1	23422726
1	23423568
1	23423573
1	23427458
1	23427529
1	23429129
1	23429376
1	23430142
1	23431675
1	23431682
1	23431706
1	23432243
1	23433116
1	23433542
1	23433904
1	23435489
1	23436812
1	23437478
1	23437874
1	23439201
1	23440973
1	23441851
1	23443895
1	23445482
1	23445917
1	23446124
1	23447259
1	23447609
1	23448705
1	23450094
1	23450275
1	23450712
1	23451803
1	23452190
1	23454035
1	23454717
1	23454784
1	23454918
1	23456259
1	23457614
1	23458308
1	23459217
1	23460657
1	23464618
1	23464892
1	23465813
1	23466721
1	23466746
1	23466760
1	23467226
1	23467340
1	23467935
1	23468266
1	23469419
1	23471755
1	23471766
1	23471906
1	23473044
1	23473097
1	23474429
1	23474729
1	23476256
1	23477313
1	23478233
1	23478267
1	23478597
1	23479396
1	23481502
1	23481599
1	23481768
1	23483619
1	23484780
1	23486087
1	23492111
1	23501145
1	23502296
1	23506702
1	23511448
1	23514753
1	23515717
1	23520179
1	23520420
1	23521213
1	23521375
1	23523483
1	23524728
1	23525318
1	23528356
1	23533461
1	23535696
1	23536059
1	23536257
1	23537163
1	23538105
1	23539799
1	23541174
1	23543985
1	23544153
1	23554493
1	23555009
1	23555034
1	23556686
1	23559629
1	23559836
1	23560685
1	23561598
1	23563344
1	23563906
1	23571782
1	23576569
1	23577112
1	23577646
1	23578129
1	23580087
1	23580105
1	23580648
1	23582678
1	23583383
1	23583731
1	23583869
1	23586312
1	23586787
1	23589143
1	23590013
1	23590113
1	23590387
1	23592057
1	23593601
1	23593923
1	23594978
1	23595994
1	23598759
1	23599213
1	23600335
1	23601063
1	23601213
1	23603103
1	23603507
1	23603511
1	23607949
1	23608882
1	23610044
1	23610526
1	23610543
1	23614996
1	23616827
1	23617339
1	23618329
1	23618725
1	23618958
1	23619664
1	23623569
1	23623716
1	23624228
1	23625942
1	23627227
1	23629870
1	23630573
1	23631334
1	23632151
1	23633187
1	23633308
1	23634539
1	23634563
1	23636211
1	23637749
1	23639150
1	23640353
1	23641321
1	23641529
1	23642126
1	23644289
1	23644802
1	23645027
1	23646091
1	23649438
1	23650836
1	23657013
1	23657845
1	23660679
1	23661113
1	23663703
1	23664821
1	23666487
1	23666667
1	23666888
1	23667286
1	23667374
1	23668751
1	23669456
1	23670115
1	23670892
1	23673459
1	23674145
1	23675113
1	23681073
1	23682230
1	23683243
1	23683667
1	23684225
1	23684673
1	23687356
1	23687664
1	23690477
1	23690664
1	23691639
1	23692467
1	23694203
1	23694402
1	23695582
1	23695876
1	23696341
1	23696451
1	23696895
1	23697793
1	23698078
1	23699745
1	23700156
1	23715366
1	23715860
1	23724317
1	23725050
1	23725057
1	23725469
1	23728737
1	23730729
1	23731959
1	23733133
1	23734314
1	23735103
1	23735251
1	23736425
1	23736684
1	23738471
1	23739484
1	23741337
1	23741376
1	23742730
1	23742859
1	23743367
1	23744578
1	23746034
1	23746801
1	23746848
1	23747844
1	23748158
1	23748322
1	23748694
1	23749797
1	23750329
1	23751100
1	23752554
1	23752958
1	23753506
1	23753700
1	23754310
1	23755423
1	23755815
1	23756359
1	23756421
1	23756505
1	23756676
1	23756758
1	23757610
1	23759422
1	23762850
1	23765050
1	23765492
1	23770475
1	23771894
1	23772556
1	23775091
1	23775340
1	23776189
1	23777001
1	23781807
1	23783129
1	23784377
1	23784458
1	23785061
1	23787033
1	23790114
1	23790406
1	23791046
1	23791354
1	23793623
1	23794896
1	23795642
1	23797038
1	23798666
1	23799454
1	23799708
1	23801648
1	23802481
1	23802815
1	23803970
1	23805389
1	23808914
1	23811935
1	23814881
1	23815017
1	23815713
1	23817493
1	23819255
1	23820665
1	23820810
1	23820860
1	23820935
1	23821159
1	23821186
1	23825819
1	23828875
1	23828907
1	23831995
1	23832058
1	23833236
1	23835892
1	23836131
1	23843034
1	23852497
1	23856298
1	23856307
1	23856331
1	23856377
1	23856494
1	23856622
1	23857361
1	23857391
1	23857693
1	23859368
1	23859951
1	23860830
1	23860853
1	23861106
1	23863341
1	23865959
1	23867467
1	23870064
1	23870074
1	23870588
1	23870947
1	23871361
1	23873276
1	23874002
1	23874402
1	23878223
1	23878655
1	23881070
1	23881620
1	23883052
1	23884144
1	23884204
1	23884297
1	23885180
1	23887201
1	23887528
1	23887807
1	23889312
1	23889326
1	23889673
1	23889799
1	23890314
1	23890726
1	23892054
1	23892508
1	23896172
1	23896558
1	23897098
1	23897736
1	23897939
1	23898003
1	23898560
1	23898809
1	23902607
1	23903231
1	23904846
1	23905784
1	23909964
1	23910579
1	23911374
1	23912029
1	23913111
1	23913357
1	23915105
1	23918364
1	23918744
1	23920887
1	23923231
1	23924650
1	23924927
1	23924960
1	23924969
1	23930513
1	23930863
1	23932062
1	23932523
1	23932671
1	23933511
1	23933870
1	23935443
1	23937094
1	23938644
1	23940784
1	23941022
1	23941088
1	23941615
1	23942026
1	23943374
1	23943393
1	23944834
1	23945918
1	23947114
1	23948204
1	23948525
1	23949491
1	23949530
1	23949629
1	23950410
1	23951888
1	23952356
1	23953066
1	23953144
1	23954462
1	23954898
1	23955706
1	23955743
1	23956054
1	23957701
1	23958991
1	23959191
1	23962912
1	23962963
1	23964370
1	23965070
1	23965112
1	23966237
1	23966779
1	23968131
1	23971477
1	23971975
1	23972175
1	23974248
1	23976774
1	23977356
1	23978071
1	23978405
1	23978782
1	23982104
1	23983426
1	23984760
1	23985783
1	23989013
1	23989256
1	23990431
1	23990803
1	23990955
1	23991720
1	23993618
1	23993848
1	23995668
1	23996715
1	23996822
1	23996953
1	23997361
1	23998404
1	23999542
1	23999590
1	24000934
1	24004290
1	24004785
1	24005531
1	24005632
1	24006407
1	24006413
1	24007356
1	24009395
1	24009483
1	24010045
1	24013434
1	24014110
1	24014143
1	24014674
1	24015346
1	24015872
1	24017079
1	24017801
1	24020626
1	24020783
1	24023521
1	24023624
1	24026175
1	24028989
1	24029189
1	24029738
1	24030842
1	24031574
1	24031719
1	24043231
1	24044907
1	24046863
1	24047292
1	24047820
1	24048006
1	24051931
1	24052566
1	24055247
1	24055654
1	24056216
1	24056218
1	24056418
1	24059511
1	24059643
1	24059736
1	24060834
1	24063864
1	24063923
1	24066305
1	24066645
1	24067109
1	24067238
1	24067679
1	24068003
1	24068196
1	24068200
1	24069865
1	24070362
1	24072218
1	24074626
1	24077390
1	24077485
1	24079195
1	24081319
1	24082212
1	24083201
1	24083476
1	24083768
1	24085165
1	24085468
1	24086040
1	24087695
1	24087830
1	24089653
1	24092306
1	24092772
1	24092792
1	24098209
1	24099114
1	24100355
1	24101699
1	24102537
1	24102717
1	24105425
1	24107397
1	24107794
1	24108189
1	24108923
1	24110459
1	24110705
1	24111817
1	24112770
1	24112789
1	24115727
1	24116944
1	24118756
1	24118872
1	24119233
1	24120068
1	24123840
1	24124080
1	24124091
1	24126644
1	24127107
1	24129454
1	24129811
1	24130345
1	24130478
1	24131462
1	24132879
1	24132885
1	24133421
1	24135987
1	24136714
1	24137112
1	24137435
1	24137471
1	24138398
1	24138429
1	24138754
1	24139420
1	24139443
1	24139931
1	24140043
1	24140169
1	24141294
1	24144296
1	24145539
1	24146821
1	24147434
1	24148272
1	24149476
1	24151213
1	24152051
1	24154176
1	24154807
1	24156057
1	24156201
1	24156576
1	24157501
1	24163243
1	24164467
1	24165569
1	24166716
1	24166745
1	24166870
1	24167343
1	24167687
1	24167799
1	24168103
1	24170960
1	24171169
1	24171234
1	24171894
1	24173010
1	24175158
1	24175434
1	24177002
1	24177168
1	24177725
1	24178955
1	24180484
1	24180501
1	24180628
1	24183938
1	24185081
1	24185768
1	24187086
1	24191303
1	24192401
1	24195400
1	24195745
1	24195898
1	24196747
1	24198675
1	24198691
1	24198915
1	24201299
1	24201883
1	24202333
1	24203439
1	24204064
1	24204315
1	24204373
1	24204916
1	24206852
1	24209801
1	24209859
1	24211499
1	24211769
1	24213343
1	24214396
1	24217440
1	24218904
1	24220596
1	24221370
1	24221722
1	24221798
1	24223016
1	24224538
1	24224566
1	24224619
1	24224816
1	24225002
1	24225255
1	24225695
1	24226046
1	24226738
1	24227074
1	24232741
1	24232957
1	24233063
1	24235342
1	24236849
1	24237447
1	24239146
1	24239766
1	24240342
1	24242025
1	24242062
1	24242091
1	24242723
1	24243160
1	24243479
1	24244562
1	24244750
1	24245407
1	24245805
1	24246094
1	24249428
1	24249440
1	24249560
1	24249895
1	24249986
1	24250451
1	24252818
1	24253254
1	24253718
1	24254883
1	24255983
1	24257035
1	24258869
1	24260078
1	24260158
1	24260234
1	24261557
1	24261877
1	24261942
1	24262490
1	24263382
1	24263577
1	24263760
1	24263798
1	24264883
1	24265423
1	24265517
1	24265591
1	24266612
1	24266647
1	24267930
1	24268435
1	24268874
1	24269572
1	24270087
1	24271274
1	24272358
1	24277200
1	24278074
1	24278098
1	24278789
1	24279207
1	24281369
1	24281505
1	24281538
1	24282818
1	24282983
1	24283172
1	24283709
1	24285016
1	24285880
1	24286182
1	24288566
1	24290805
1	24293897
1	24295204
1	24295385
1	24301353
1	24301593
1	24302445
1	24303754
1	24304301
1	24306860
1	24307498
1	24307538
1	24307769
1	24307842
1	24311075
1	24311352
1	24311914
1	24314006
1	24315477
1	24318875
1	24319254
1	24319975
1	24320403
1	24321612
1	24322217
1	24324704
1	24324751
1	24325100
1	24329911
1	24330522
1	24331749
1	24333462
1	24334674
1	24335130
1	24335492
1	24335928
1	24335989
1	24337302
1	24338343
1	24339365
1	24339369
1	24341653
1	24343575
1	24343784
1	24343927
1	24343988
1	24344002
1	24344414
1	24344586
1	24344590
1	24345822
1	24346020
1	24350600
1	24357722
1	24358459
1	24361235
1	24363145
1	24364416
1	24365482
1	24365483
1	24366038
1	24367903
1	24369786
1	24374336
1	24375640
1	24377251
1	24377386
1	24378012
1	24378172
1	24378844
1	24379323
1	24381714
1	24382454
1	24382476
1	24384360
1	24384529
1	24384693
1	24385156
1	24385710
1	24386405
1	24386431
1	24388498
1	24389292
1	24394710
1	24395767
1	24395852
1	24395869
1	24395937
1	24400217
1	24400568
1	24400955
1	24403272
1	24403556
1	24404508
1	24407435
1	24407809
1	24408176
1	24408672
1	24409945
1	24410061
1	24412109
1	24412310
1	24412902
1	24413220
1	24414974
1	24415349
1	24415407
1	24416784
1	24417915
1	24419933
1	24422989
1	24424280
1	24424377
1	24427478
1	24427735
1	24428157
1	24428230
1	24429916
1	24430681
1	24431509
1	24438671
1	24439191
1	24439277
1	24439986
1	24442935
1	24446801
1	24446989
1	24447465
1	24448528
1	24448700
1	24449309
1	24449597
1	24449697
1	24449748
1	24450751
1	24453043
1	24453261
1	24453344
1	24454022
1	24454044
1	24454495
1	24454777
1	24458450
1	24459817
1	24460369
1	24461142
1	24463302
1	24463921
1	24464289
1	24466748
1	24466930
1	24467912
1	24470090
1	24472430
1	24472558
1	24475503
1	24477682
1	24478474
1	24480957
1	24482776
1	24482820
1	24483709
1	24483847
1	24485988
1	24486329
1	24487097
1	24489432
1	24489513
1	24489788
1	24491121
1	24491621
1	24493071
1	24493279
1	24493769
1	24496136
1	24496768
1	24498539
1	24498629
1	24499051
1	24499142
1	24499147
1	24499477
1	24500138
1	24502533
1	24504008
1	24504410
1	24505163
1	24505591
1	24507524
1	24508026
1	24508385
1	24509337
1	24512264
1	24512951
1	24515288
1	24515585
1	24516059
1	24516880
1	24517613
1	24519073
1	24519906
1	24523653
1	24526121
1	24528898
1	24530439
1	24530661
1	24531282
1	24531328
1	24531405
1	24531485
1	24533094
1	24536344
1	24536574
1	24536656
1	24537140
1	24538552
1	24539417
1	24539611
1	24540054
1	24540432
1	24541550
1	24542036
1	24542468
1	24542511
1	24542889
1	24546431
1	24546680
1	24548092
1	24551029
1	24551266
1	24553083
1	24555336
1	24557848
1	24559677
1	24559784
1	24560826
1	24571534
1	24574465
1	24574559
1	24574655
1	24575198
1	24575801
1	24577808
1	24578309
1	24579191
1	24579234
1	24582418
1	24587635
1	24589297
1	24589349
1	24593152
1	24594731
1	24595320
1	24598165
1	24598799
1	24599112
1	24599893
1	24600021
1	24612139
1	24614796
1	24615960
1	24616207
1	24616667
1	24618212
1	24619647
1	24620766
1	24621468
1	24622570
1	24625021
1	24625368
1	24626864
1	24629048
1	24629330
1	24630411
1	24631137
1	24634714
1	24634788
1	24635063
1	24635600
1	24637186
1	24637664
1	24637828
1	24637854
1	24637888
1	24638336
1	24641551
1	24643688
1	24644562
1	24644704
1	24644764
1	24650579
1	24651861
1	24652185
1	24652964
1	24653452
1	24655688
1	24655978
1	24659671
1	24659896
1	24659945
1	24660169
1	24660184
1	24660553
1	24660799
1	24662420
1	24663271
1	24663577
1	24663585
1	24665682
1	24668238
1	24672997
1	24673198
1	24673517
1	24674692
1	24674940
1	24678600
1	24678697
1	24681015
1	24682025
1	24682262
1	24683091
1	24683493
1	24683834
1	24684107
1	24685195
1	24685255
1	24687290
1	24688364
1	24689068
1	24689501
1	24689598
1	24689833
1	24691286
1	24691416
1	24692298
1	24693236
1	24693248
1	24693924
1	24695386
1	24696164
1	24696977
1	24697979
1	24698044
1	24700582
1	24702800
1	24703588
1	24704972
1	24705004
1	24708530
1	24709424
1	24709633
1	24711145
1	24711286
1	24711474
1	24711559
1	24711611
1	24712174
1	24712882
1	24714371
1	24714475
1	24715063
1	24717472
1	24719661
1	24720117
1	24721504
1	24722098
1	24724071
1	24724112
1	24724220
1	24725123
1	24725276
1	24725864
1	24725965
1	24725989
1	24726079
1	24729614
1	24730118
1	24732224
1	24733810
1	24733850
1	24736532
1	24738746
1	24739007
1	24739580
1	24740013
1	24744169
1	24744534
1	24745736
1	24746198
1	24746814
1	24746815
1	24746863
1	24747364
1	24748613
1	24750522
1	24751456
1	24751547
1	24751744
1	24751980
1	24753639
1	24753878
1	24757359
1	24757418
1	24759055
1	24761755
1	24762586
1	24763200
1	24768078
1	24768438
1	24769223
1	24769577
1	24770282
1	24770813
1	24772070
1	24774118
1	24774146
1	24774344
1	24774602
1	24774898
1	24777241
1	24782496
1	24786848
1	24788952
1	24789404
1	24789943
1	24790306
1	24790422
1	24791353
1	24791449
1	24792011
1	24792755
1	24792809
1	24792886
1	24795445
1	24797271
1	24797350
1	24797960
1	24800007
1	24802767
1	24805987
1	24806760
1	24808623
1	24809805
1	24810526
1	24811863
1	24817359
1	24817680
1	24818064
1	24819311
1	24820110
1	24820202
1	24821383
1	24821561
1	24822156
1	24824882
1	24833039
1	24833654
1	24834717
1	24834838
1	24835842
1	24836255
1	24836587
1	24836868
1	24837143
1	24837240
1	24838052
1	24838064
1	24838179
1	24838769
1	24839262
1	24839517
1	24840148
1	24840678
1	24843602
1	24846043
1	24853970
1	24854051
1	24854099
1	24855219
1	24855898
1	24862563
1	24864324
1	24865520
1	24870575
1	24872335
1	24872927
1	24873152
1	24880565
1	24880755
1	24880952
1	24883374
1	24883540
1	24883688
1	24886364
1	24890835
1	24891351
1	24892108
1	24895653
1	24896143
1	24896188
1	24901526
1	24902137
1	24909945
1	24911447
1	24914463
1	24915400
1	24915790
1	24917599
1	24919492
1	24921527
1	24928932
1	24931117
1	24933707
1	24933779
1	24934127
1	24937428
1	24939706
1	24939949
1	24941346
1	24941420
1	24943527
1	24944726
1	24953789
1	24954150
1	24956582
1	24957236
1	24957599
1	24958649
1	24959314
1	24959695
1	24960071
1	24960675
1	24962706
1	24962990
1	24964254
1	24965062
1	24966164
1	24967418
1	24967639
1	24969862
1	24971089
1	24971221
1	24971400
1	24971813
1	24971833
1	24972205
1	24974154
1	24975561
1	24976425
1	24976539
1	24979288
1	24979385
1	24979607
1	24984864
1	24985459
1	24985792
1	24987240
1	24987481
1	24988056
1	24991085
1	24993221
1	24994689
1	24995425
1	24996051
1	24996851
1	24998364
1	24998469
1	25004378
1	25008624
1	25009593
1	25013917
1	25014076
1	25014483
1	25014797
1	25015542
1	25016697
1	25016869
1	25017300
1	25018847
1	25018978
1	25019587
1	25019623
1	25019928
1	25021765
1	25024715
1	25025231
1	25026234
1	25027125
1	25028096
1	25031919
1	25032115
1	25032889
1	25036997
1	25038254
1	25039294
1	25041176
1	25041594
1	25041813
1	25042055
1	25045198
1	25045404
1	25045640
1	25045766
1	25046347
1	25051443
1	25051954
1	25055826
1	25056305
1	25056445
1	25056827
1	25058024
1	25058150
1	25059050
1	25059423
1	25060889
1	25062288
1	25063148
1	25064336
1	25064915
1	25065389
1	25066617
1	25067129
1	25068282
1	25069259
1	25072832
1	25074195
1	25075059
1	25075628
1	25078199
1	25078569
1	25079969
1	25081964
1	25087867
1	25087992
1	25088866
1	25089289
1	25093306
1	25095477
1	25095943
1	25096045
1	25096336
1	25097015
1	25097870
1	25099454
1	25100086
1	25100519
1	25100898
1	25101652
1	25103414
1	25106868
1	25107687
1	25109166
1	25109292
1	25110756
1	25112143
1	25114296
1	25116981
1	25117138
1	25122609
1	25122610
1	25124187
1	25124728
1	25125618
1	25125677
1	25125982
1	25130801
1	25133020
1	25133122
1	25135047
1	25135346
1	25136748
1	25137213
1	25137806
1	25139896
1	25143220
1	25144116
1	25146847
1	25148033
1	25148091
1	25150606
1	25150936
1	25152650
1	25153264
1	25156138
1	25158424
1	25166572
1	25167698
1	25169099
1	25172792
1	25173947
1	25176202
1	25176501
1	25177736
1	25178563
1	25179557
1	25181661
1	25181894
1	25182465
1	25183231
1	25183356
1	25183572
1	25185293
1	25186362
1	25186841
1	25189234
1	25190992
1	25191104
1	25194587
1	25194921
1	25196616
1	25196924
1	25197503
1	25201810
1	25202157
1	25202192
1	25203140
1	25206379
1	25206428
1	25207659
1	25208506
1	25208635
1	25208884
1	25210219
1	25213779
1	25214288
1	25214757
1	25222022
1	25222869
1	25222883
1	25223288
1	25223364
1	25224330
1	25225803
1	25226508
1	25228555
1	25229353
1	25230229
1	25231658
1	25232545
1	25234417
1	25235070
1	25235743
1	25235945
1	25239029
1	25241211
1	25242266
1	25244869
1	25245046
1	25245513
1	25247123
1	25247326
1	25250376
1	25250595
1	25250876
1	25252569
1	25252788
1	25252817
1	25254274
1	25254313
1	25255501
1	25255574
1	25259148
1	25260088
1	25260587
1	25260971
1	25261056
1	25262030
1	25262083
1	25263412
1	25263881
1	25265053
1	25265981
1	25266243
1	25266801
1	25267274
1	25268157
1	25268835
1	25269118
1	25269336
1	25270568
1	25272447
1	25274124
1	25274821
1	25275089
1	25275638
1	25279017
1	25280597
1	25283762
1	25284584
1	25285710
1	25287329
1	25287722
1	25288995
1	25290117
1	25290770
1	25294329
1	25296982
1	25297361
1	25301482
1	25305213
1	25306482
1	25309241
1	25309371
1	25312342
1	25312593
1	25317037
1	25317835
1	25318073
1	25319631
1	25322881
1	25323321
1	25324994
1	25325142
1	25325302
1	25327393
1	25327741
1	25330594
1	25331281
1	25331369
1	25332328
1	25332661
1	25333675
1	25336827
1	25339006
1	25340433
1	25340956
1	25341784
1	25342233
1	25344407
1	25344990
1	25347335
1	25347672
1	25349884
1	25349909
1	25349956
1	25350145
1	25351621
1	25353069
1	25354273
1	25357806
1	25357849
1	25358510
1	25358768
1	25370501
1	25372072
1	25372641
1	25379989
1	25380087
1	25380420
1	25381006
1	25381285
1	25383491
1	25383664
1	25384293
1	25385712
1	25388165
1	25390176
1	25390706
1	25391447
1	25397493
1	25397758
1	25397858
1	25399168
1	25399876
1	25402308
1	25404663
1	25407438
1	25408098
1	25412962
1	25414018
1	25414118
1	25414856
1	25417143
1	25417514
1	25418516
1	25418614
1	25418674
1	25419435
1	25422045
1	25427132
1	25428347
1	25434636
1	25435032
1	25437654
1	25437879
1	25437931
1	25441900
1	25443017
1	25443812
1	25447663
1	25448461
1	25449332
1	25450037
1	25450069
1	25451776
1	25452655
1	25452691
1	25453751
1	25457003
1	25458810
1	25459146
1	25460381
1	25460657
1	25460990
1	25462484
1	25463340
1	25463528
1	25466179
1	25469360
1	25472065
1	25473613
1	25475416
1	25477259
1	25477699
1	25478805
1	25481139
1	25481706
1	25482301
1	25482726
1	25482973
1	25484197
1	25484755
1	25485499
1	25487994
1	25488282
1	25489118
1	25493260
1	25496712
1	25497230
1	25501657
1	25505035
1	25506335
1	25506429
1	25507210
1	25507349
1	25507502
1	25510896
1	25514397
1	25517815
1	25518616
1	25519081
1	25522434
1	25523114
1	25523834
1	25527376
1	25528344
1	25533648
1	25534496
1	25534844
1	25535893
1	25535997
1	25536789
1	25536998
1	25537058
1	25537834
1	25538267
1	25539569
1	25542142
1	25542340
1	25542490
1	25543127
1	25543184
1	25543302
1	25548684
1	25548958
1	25551151
1	25551570
1	25553575
1	25556956
1	25556964
1	25557970
1	25559710
1	25560976
1	25562142
1	25563693
1	25564696
1	25565495
1	25567382
1	25567752
1	25567810
1	25568634
1	25568746
1	25569072
1	25571466
1	25572152
1	25572802
1	25573711
1	25574475
1	25575602
1	25576508
1	25576714
1	25581782
1	25582325
1	25582499
1	25583914
1	25584406
1	25586383
1	25586420
1	25587374
1	25587774
1	25588088
1	25589474
1	25590853
1	25591158
1	25591164
1	25591736
1	25593162
1	25601582
1	25602568
1	25602896
1	25603239
1	25605219
1	25607596
1	25607613
1	25607840
1	25610377
1	25612487
1	25613537
1	25613787
1	25614196
1	25614780
1	25616499
1	25616525
1	25617944
1	25623372
1	25623629
1	25624476
1	25624609
1	25624974
1	25627736
1	25627837
1	25629430
1	25629628
1	25630040
1	25633212
1	25634389
1	25635194
1	25637122
1	25638566
1	25640060
1	25644185
1	25644315
1	25647528
1	25651306
1	25653898
1	25658784
1	25659137
1	25663091
1	25663413
1	25663998
1	25665561
1	25666646
1	25667029
1	25668263
1	25669318
1	25669621
1	25669672
1	25669713
1	25671265
1	25671346
1	25672211
1	25675863
1	25676020
1	25676068
1	25676114
1	25676911
1	25680967
1	25685823
1	25691471
1	25692264
1	25692947
1	25693248
1	25695546
1	25695672
1	25696118
1	25696140
1	25696468
1	25698488
1	25698893
1	25699035
1	25700023
1	25701345
1	25703335
1	25704968
1	25705079
1	25708503
1	25708747
1	25709089
1	25711417
1	25711870
1	25713363
1	25715199
1	25722622
1	25723763
1	25726471
1	25727432
1	25728762
1	25729292
1	25729344
1	25729781
1	25730786
1	25730827
1	25731755
1	25732641
1	25732831
1	25733652
1	25734552
1	25736864
1	25740899
1	25741153
1	25741671
1	25743348
1	25743898
1	25744954
1	25746166
1	25746170
1	25747374
1	25749322
1	25750117
1	25755112
1	25757160
1	25759103
1	25759203
1	25759220
1	25760090
1	25763735
1	25764164
1	25764483
1	25764649
1	25765180
1	25766011
1	25767229
1	25767863
1	25768711
1	25769238
1	25769850
1	25770654
1	25772655
1	25772829
1	25774055
1	25774453
1	25777244
1	25777277
1	25779435
1	25779497
1	25779579
1	25781079
1	25781856
1	25784398
1	25785603
1	25787899
1	25789452
1	25790006
1	25790789
1	25791507
1	25791970
1	25797351
1	25797977
1	25799019
1	25802015
1	25802774
1	25803434
1	25803847
1	25803975
1	25807446
1	25810296
1	25811916
1	25813727
1	25814760
1	25817711
1	25818200
1	25819420
1	25820058
1	25821535
1	25821809
1	25822348
1	25822704
1	25824191
1	25824769
1	25834356
1	25834593
1	25834833
1	25836240
1	25837485
1	25839249
1	25841873
1	25842129
1	25842141
1	25844239
1	25844410
1	25844465
1	25849529
1	25850690
1	25854104
1	25854187
1	25857057
1	25858809
1	25859936
1	25859968
1	25860028
1	25861065
1	25861802
1	25862925
1	25865395
1	25865820
1	25865997
1	25869350
1	25876849
1	25877745
1	25877837
1	25879580
1	25879678
1	25880234
1	25881242
1	25883054
1	25883794
1	25883951
1	25884944
1	25885637
1	25887438
1	25887770
1	25888059
1	25889262
1	25891998
1	25892071
1	25893074
1	25893356
1	25893651
1	25895073
1	25895247
1	25896816
1	25899127
1	25900188
1	25900394
1	25903292
1	25906899
1	25908000
1	25909747
1	25910480
1	25913887
1	25914079
1	25920832
1	25920901
1	25924781
1	25927314
1	25927468
1	25928489
1	25928630
1	25929224
1	25931307
1	25931428
1	25932028
1	25934022
1	25934528
1	25935722
1	25936940
1	25937052
1	25939970
1	25940171
1	25940551
1	25940938
1	25942380
1	25942749
1	25942956
1	25948061
1	25948683
1	25950756
1	25951699
1	25951782
1	25952036
1	25954279
1	25954302
1	25954768
1	25954835
1	25956819
1	25957546
1	25957691
1	25960107
1	25962052
1	25963661
1	25964181
1	25964901
1	25966268
1	25967355
1	25968428
1	25969846
1	25970455
1	25972574
1	25974091
1	25974494
1	25975774
1	25983467
1	25983534
1	25983947
1	25984283
1	25984382
1	25986875
1	25994728
1	25996088
1	25996758
1	25997084
1	25997194
1	26001508
1	26002306
1	26003311
1	26005722
1	26005919
1	26007527
1	26010686
1	26010875
1	26012348
1	26016090
1	26016671
1	26019737
1	26021244
1	26021257
1	26021399
1	26022610
1	26023945
1	26028450
1	26029645
1	26031366
1	26031718
1	26035085
1	26035135
1	26035296
1	26036267
1	26039187
1	26043302
1	26045932
1	26051889
1	26051950
1	26054357
1	26054410
1	26056983
1	26057319
1	26062003
1	26062353
1	26063302
1	26063323
1	26065340
1	26065556
1	26067533
1	26068698
1	26071741
1	26072158
1	26072504
1	26075021
1	26075865
1	26076958
1	26078215
1	26078484
1	26078545
1	26080878
1	26081825
1	26082217
1	26083383
1	26084546
1	26088419
1	26090687
1	26090865
1	26091349
1	26091916
1	26093383
1	26094059
1	26094134
1	26095170
1	26095542
1	26096378
1	26097647
1	26098162
1	26100813
1	26100907
1	26101921
1	26103489
1	26106617
1	26107092
1	26107682
1	26109791
1	26113406
1	26113459
1	26118922
1	26119648
1	26121491
1	26123297
1	26123306
1	26123631
1	26125228
1	26127975
1	26129053
1	26130141
1	26130451
1	26131947
1	26132425
1	26133335
1	26133586
1	26138029
1	26140427
1	26141103
1	26142290
1	26143607
1	26144336
1	26145231
1	26146154
1	26149105
1	26152105
1	26153920
1	26155697
1	26156601
1	26157935
1	26158144
1	26158220
1	26158494
1	26158569
1	26158584
1	26159123
1	26159771
1	26160750
1	26161750
1	26161755
1	26163020
1	26163432
1	26163556
1	26163736
1	26164526
1	26164601
1	26165243
1	26166283
1	26168419
1	26173298
1	26173459
1	26174142
1	26174216
1	26175494
1	26177013
1	26179288
1	26179922
1	26180349
1	26181319
1	26181501
1	26182913
1	26184144
1	26185537
1	26187104
1	26187937
1	26189674
1	26189974
1	26190690
1	26191331
1	26191929
1	26191986
1	26192847
1	26194942
1	26196724
1	26196882
1	26197120
1	26197811
1	26198687
1	26199882
1	26199883
1	26202694
1	26205053
1	26205085
1	26205796
1	26205809
1	26207103
1	26207263
1	26207686
1	26209648
1	26210993
1	26211546
1	26214101
1	26214361
1	26216063
1	26218394
1	26218518
1	26221030
1	26223419
1	26224353
1	26225689
1	26228745
1	26232301
1	26232601
1	26233198
1	26233941
1	26238151
1	26239681
1	26241649
1	26241836
1	26243057
1	26244797
1	26245469
1	26246728
1	26246838
1	26247671
1	26248329
1	26249669
1	26249935
1	26250397
1	26252387
1	26253409
1	26260725
1	26261651
1	26262017
1	26263198
1	26264041
1	26264229
1	26265333
1	26266377
1	26266887
1	26272553
1	26272699
1	26277077
1	26278899
1	26278994
1	26281712
1	26282633
1	26282711
1	26282716
1	26283279
1	26283504
1	26283675
1	26288870
1	26291288
1	26292087
1	26293617
1	26294412
1	26294721
1	26297146
1	26298864
1	26301021
1	26301519
1	26306140
1	26310538
1	26312538
1	26313500
1	26314784
1	26315491
1	26315493
1	26316125
1	26316194
1	26317000
1	26317535
1	26317539
1	26318454
1	26319327
1	26320431
1	26321435
1	26321990
1	26322736
1	26323190
1	26323649
1	26323886
1	26323929
1	26327037
1	26328609
1	26330372
1	26330666
1	26331068
1	26331959
1	26332419
1	26333789
1	26334496
1	26335628
1	26337495
1	26337884
1	26339180
1	26339254
1	26339514
1	26339543
1	26341854
1	26343028
1	26344484
1	26345023
1	26345711
1	26346258
1	26347618
1	26349754
1	26352235
1	26352591
1	26353501
1	26353530
1	26355815
1	26355892
1	26358049
1	26358357
1	26358625
1	26358734
1	26365606
1	26366118
1	26366315
1	26372574
1	26373215
1	26373569
1	26373921
1	26377225
1	26377356
1	26379515
1	26384294
1	26386095
1	26388257
1	26389676
1	26390091
1	26391504
1	26391696
1	26392412
1	26393942
1	26394284
1	26394333
1	26394555
1	26395303
1	26395742
1	26396715
1	26399971
1	26400151
1	26400814
1	26401226
1	26401646
1	26401765
1	26402719
1	26402781
1	26404103
1	26404300
1	26404812
1	26405524
1	26411516
1	26412192
1	26412687
1	26413869
1	26414500
1	26414765
1	26415907
1	26416973
1	26417276
1	26419871
1	26421479
1	26422445
1	26423091
1	26425423
1	26427948
1	26428222
1	26429725
1	26432268
1	26432279
1	26432617
1	26433158
1	26437182
1	26438150
1	26438438
1	26438940
1	26439693
1	26441008
1	26443582
1	26445585
1	26445775
1	26446787
1	26446990
1	26448742
1	26450358
1	26452411
1	26455789
1	26455948
1	26457698
1	26460671
1	26460910
1	26461176
1	26461510
1	26461512
1	26461714
1	26462656
1	26464400
1	26464861
1	26465195
1	26466595
1	26468597
1	26469407
1	26470184
1	26476304
1	26476349
1	26476557
1	26476797
1	26477267
1	26479956
1	26482573
1	26483602
1	26484173
1	26487430
1	26487623
1	26496717
1	26501165
1	26502428
1	26502637
1	26502878
1	26505713
1	26508288
1	26509229
1	26511533
1	26512210
1	26512806
1	26515464
1	26516245
1	26517482
1	26521012
1	26521287
1	26523465
1	26525155
1	26527038
1	26527402
1	26527897
1	26528597
1	26531172
1	26531197
1	26532646
1	26533634
1	26533729
1	26535960
1	26536476
1	26537367
1	26539045
1	26539677
1	26541855
1	26541996
1	26542058
1	26543410
1	26543649
1	26544225
1	26544985
1	26546767
1	26547268
1	26548334
1	26552460
1	26553476
1	26554175
1	26559691
1	26563485
1	26563858
1	26563953
1	26566488
1	26568272
1	26571731
1	26572352
1	26572417
1	26574190
1	26574562
1	26575167
1	26575224
1	26576976
1	26577454
1	26578305
1	26578526
1	26579317
1	26580002
1	26580009
1	26580833
1	26581212
1	26581970
1	26583570
1	26584044
1	26584209
1	26586695
1	26587816
1	26591206
1	26592452
1	26594490
1	26595813
1	26596979
1	26599948
1	26600625
1	26603449
1	26604029
1	26604276
1	26604291
1	26604299
1	26604730
1	26606243
1	26606903
1	26608274
1	26611105
1	26611517
1	26611997
1	26612092
1	26614476
1	26617991
1	26619383
1	26620648
1	26625580
1	26628212
1	26632577
1	26632827
1	26633120
1	26633987
1	26634970
1	26634994
1	26635525
1	26636421
1	26638249
1	26642411
1	26644175
1	26646526
1	26646573
1	26647696
1	26649121
1	26649439
1	26650096
1	26650474
1	26651842
1	26652512
1	26653073
1	26654341
1	26655010
1	26655074
1	26655603
1	26658517
1	26659162
1	26659746
1	26663795
1	26666637
1	26667510
1	26668322
1	26669306
1	26669426
1	26669819
1	26670567
1	26671701
1	26676328
1	26678000
1	26678646
1	26679051
1	26679596
1	26679626
1	26682481
1	26683058
1	26683535
1	26684363
1	26684465
1	26684892
1	26685006
1	26685091
1	26687146
1	26691778
1	26691852
1	26695141
1	26696350
1	26698965
1	26699077
1	26701519
1	26705631
1	26706067
1	26706345
1	26707585
1	26710974
1	26712049
1	26712106
1	26712562
1	26712674
1	26716489
1	26718686
1	26718702
1	26719138
1	26719655
1	26720121
1	26722714
1	26722718
1	26722821
1	26723289
1	26725862
1	26726274
1	26726923
1	26727536
1	26728767
1	26730441
1	26731572
1	26732819
1	26735283
1	26735609
1	26735940
1	26737686
1	26739067
1	26739250
1	26740153
1	26740729
1	26749397
1	26749924
1	26750052
1	26751181
1	26752298
1	26754343
1	26755591
1	26755828
1	26756407
1	26756501
1	26758246
1	26758349
1	26759718
1	26761825
1	26764856
1	26767982
1	26769019
1	26769255
1	26769991
1	26771385
1	26772495
1	26774198
1	26775199
1	26778688
1	26778762
1	26783144
1	26784516
1	26786354
1	26789783
1	26791908
1	26792076
1	26793081
1	26796975
1	26798000
1	26800153
1	26804538
1	26805494
1	26806406
1	26806643
1	26806989
1	26808176
1	26808608
1	26810836
1	26814750
1	26820118
1	26825638
1	26827058
1	26827779
1	26828164
1	26828539
1	26828626
1	26829260
1	26829674
1	26829792
1	26835901
1	26840691
1	26841329
1	26841615
1	26844479
1	26846081
1	26846523
1	26846838
1	26846935
1	26847485
1	26848310
1	26849108
1	26850961
1	26852070
1	26853034
1	26854115
1	26854475
1	26859460
1	26859660
1	26860572
1	26861907
1	26864176
1	26864472
1	26869495
1	26869770
1	26870821
1	26873226
1	26873801
1	26875298
1	26875850
1	26877691
1	26879815
1	26883169
1	26883200
1	26883216
1	26883319
1	26884264
1	26886084
1	26889129
1	26889513
1	26889966
1	26894823
1	26895332
1	26898290
1	26901343
1	26901542
1	26906233
1	26907549
1	26908964
1	26910852
1	26910981
1	26911056
1	26912388
1	26912422
1	26913439
1	26914160
1	26914707
1	26915348
1	26917599
1	26919236
1	26919749
1	26921430
1	26923127
1	26923537
1	26923851
1	26924015
1	26928479
1	26928744
1	26929894
1	26930154
1	26930229
1	26930684
1	26931900
1	26931995
1	26932029
1	26932791
1	26935390
1	26935936
1	26936215
1	26937631
1	26938002
1	26938549
1	26942309
1	26944211
1	26946605
1	26948444
1	26950014
1	26950816
1	26953686
1	26953727
1	26954676
1	26956357
1	26960204
1	26962867
1	26963719
1	26964054
1	26966302
1	26968115
1	26968700
1	26968991
1	26969979
1	26970415
1	26971254
1	26973434
1	26973961
1	26974144
1	26979460
1	26980122
1	26981780
1	26983161
1	26984840
1	26985287
1	26986660
1	26987292
1	26989928
1	26990273
1	26994507
1	26995747
1	26997967
1	27001642
1	27004064
1	27005058
1	27010272
1	27012134
1	27018193
1	27018973
1	27024226
1	27025917
1	27027188
1	27029660
1	27029700
1	27029870
1	27031727
1	27032382
1	27033290
1	27035043
1	27037841
1	27039127
1	27039702
1	27040020
1	27042232
1	27042317
1	27043786
1	27045352
1	27047127
1	27050739
1	27052528
1	27052734
1	27053073
1	27053429
1	27055899
1	27056896
1	27056979
1	27061105
1	27062087
1	27062697
1	27066669
1	27071222
1	27071491
1	27071927
1	27073275
1	27075067
1	27076285
1	27078014
1	27084444
1	27085075
1	27088611
1	27093891
1	27095451
1	27101150
1	27104390
1	27106034
1	27106634
1	27107015
1	27110442
1	27111004
1	27111384
1	27112609
1	27113357
1	27113842
1	27114018
1	27114068
1	27114580
1	27114902
1	27115204
1	27116365
1	27117175
1	27121416
1	27121697
1	27121790
1	27122125
1	27122650
1	27123317
1	27124433
1	27128119
1	27131928
1	27135338
1	27136205
1	27137158
1	27144862
1	27147607
1	27147826
1	27149931
1	27151396
1	27153573
1	27155035
1	27155797
1	27160514
1	27162085
1	27162311
1	27162669
1	27166684
1	27168163
1	27170056
1	27170306
1	27180520
1	27184844
1	27191435
1	27193291
1	27195261
1	27195796
1	27197749
1	27198317
1	27199421
1	27203697
1	27204769
1	27205162
1	27205324
1	27208326
1	27211302
1	27211326
1	27211403
1	27212294
1	27212614
1	27213045
1	27215006
1	27220224
1	27222879
1	27223976
1	27224127
1	27225188
1	27225523
1	27228025
1	27228996
1	27230906
1	27232766
1	27236610
1	27237987
1	27239870
1	27239973
1	27240675
1	27242437
1	27245532
1	27245538
1	27247559
1	27248612
1	27248897
1	27250165
1	27255926
1	27256587
1	27264008
1	27264441
1	27270332
1	27272261
1	27273921
1	27276289
1	27277307
1	27277710
1	27278147
1	27278885
1	27280924
1	27285698
1	27286696
1	27291621
1	27291888
1	27299615
1	27299918
1	27299929
1	27302160
1	27302765
1	27303823
1	27303914
1	27304216
1	27304398
1	27308112
1	27309534
1	27312866
1	27314977
1	27316728
1	27318097
1	27319510
1	27319747
1	27319867
1	27323267
1	27326055
1	27330098
1	27330634
1	27330883
1	27334195
1	27336011
1	27336090
1	27336349
1	27340314
1	27341094
1	27341597
1	27341618
1	27353565
1	27354388
1	27355459
1	27357007
1	27359128
1	27359254
1	27360827
1	27361781
1	27361915
1	27362175
1	27362805
1	27364921
1	27372360
1	27373231
1	27373451
1	27381601
1	27381994
1	27382930
1	27384865
1	27386660
1	27387542
1	27389325
1	27389416
1	27392350
1	27392722
1	27393642
1	27394386
1	27396416
1	27398324
1	27398403
1	27400997
1	27402001
1	27402344
1	27402511
1	27406924
1	27425429
1	27425695
1	27426775
1	27427068
1	27430900
1	27431231
1	27441164
1	27443617
1	27443725
1	27449036
1	27449269
1	27452669
1	27455241
1	27461109
1	27465174
1	27466315
1	27475901
1	27477041
1	27478520
1	27478641
1	27479102
1	27480595
1	27480997
1	27481376
1	27483913
1	27484065
1	27484848
1	27487317
1	27488726
1	27489139
1	27491327
1	27491534
1	27492416
1	27493760
1	27494665
1	27499183
1	27500852
1	27502415
1	27502852
1	27506140
1	27507318
1	27507989
1	27508755
1	27509049
1	27509992
1	27510101
1	27512095
1	27513405
1	27514944
1	27516495
1	27517539
1	27518222
1	27518635
1	27519713
1	27520493
1	27521292
1	27521780
1	27521791
1	27522512
1	27523686
1	27527194
1	27537517
1	27540831
1	27542013
1	27543924
1	27544689
1	27546307
1	27547785
1	27548116
1	27552640
1	27553416
1	27557162
1	27559290
1	27559516
1	27561029
1	27561903
1	27562180
1	27563614
1	27564984
1	27564993
1	27565768
1	27565851
1	27566372
1	27568022
1	27569567
1	27572634
1	27573170
1	27573447
1	27574447
1	27576414
1	27579471
1	27583009
1	27589303
1	27589877
1	27591784
1	27593420
1	27595440
1	27598754
1	27599150
1	27602780
1	27603922
1	27611309
1	27614015
1	27615850
1	27619985
1	27622183
1	27624427
1	27625891
1	27626611
1	27628148
1	27628732
1	27630109
1	27635569
1	27636443
1	27636892
1	27637136
1	27637906
1	27639042
1	27640275
1	27641965
1	27643270
1	27645906
1	27646346
1	27648113
1	27650857
1	27651022
1	27651108
1	27652738
1	27655767
1	27655909
1	27656233
1	27656352
1	27656453
1	27657035
1	27657647
1	27658105
1	27658809
1	27659535
1	27659762
1	27660911
1	27661078
1	27662965
1	27663821
1	27664033
1	27666505
1	27667492
1	27667548
1	27667904
1	27668308
1	27668790
1	27670671
1	27670857
1	27671278
1	27674998
1	27676452
1	27678350
1	27679858
1	27685861
1	27686010
1	27686781
1	27691146
1	27691610
1	27692404
1	27693261
1	27696058
1	27698366
1	27698397
1	27699522
1	27701418
1	27701703
1	27702075
1	27706284
1	27708081
1	27708587
1	27710271
1	27711855
1	27712340
1	27712611
1	27713117
1	27714613
1	27715240
1	27718553
1	27719228
1	27720652
1	27722153
1	27724188
1	27730065
1	27731853
1	27734330
1	27737300
1	27738603
1	27739306
1	27739638
1	27739854
1	27740979
1	27741118
1	27741632
1	27746959
1	27749223
1	27753509
1	27753573
1	27753930
1	27754567
1	27758032
1	27758747
1	27761202
1	27762524
1	27774505
1	27776592
1	27776834
1	27777024
1	27777045
1	27780012
1	27781175
1	27782900
1	27785024
1	27789140
1	27793762
1	27793860
1	27794956
1	27800349
1	27803010
1	27803376
1	27803765
1	27806862
1	27806989
1	27807172
1	27810861
1	27812248
1	27814605
1	27814973
1	27815409
1	27820969
1	27825697
1	27829893
1	27831213
1	27832703
1	27833320
1	27834634
1	27838822
1	27839861
1	27841177
1	27841317
1	27841909
1	27842632
1	27843638
1	27846751
1	27847364
1	27848858
1	27849416
1	27854306
1	27855083
1	27856702
1	27857284
1	27859602
1	27867776
1	27869169
1	27874301
1	27874510
1	27874866
1	27878169
1	27878194
1	27882272
1	27882552
1	27882899
1	27885023
1	27887875
1	27893898
1	27898759
1	27899833
1	27900045
1	27903238
1	27903676
1	27903817
1	27904135
1	27905672
1	27909666
1	27910208
1	27912482
1	27915439
1	27915484
1	27916425
1	27918584
1	27920080
1	27920252
1	27922421
1	27922677
1	27923200
1	27925227
1	27927942
1	27930122
1	27933895
1	27934579
1	27937163
1	27939106
1	27940572
1	27940779
1	27942464
1	27943533
1	27945399
1	27947327
1	27947868
1	27948631
1	27949681
1	27951903
1	27954422
1	27958045
1	27960504
1	27961489
1	27969480
1	27970227
1	27974174
1	27974368
1	27975696
1	27978200
1	27979030
1	27980891
1	27984390
1	27987941
1	27989136
1	27990306
1	27991200
1	27996739
1	27996905
1	27998596
1	27999655
1	28000141
1	28000756
1	28001266
1	28002981
1	28008773
1	28011366
1	28012133
1	28013212
1	28014046
1	28015122
1	28017025
1	28018771
1	28020739
1	28021509
1	28030477
1	28034738
1	28035574
1	28037422
1	28039535
1	28044211
1	28046822
1	28047030
1	28047524
1	28050782
1	28052379
1	28053569
1	28054340
1	28056554
1	28061315
1	28065967
1	28068108
1	28069513
1	28071956
1	28073103
1	28074807
1	28075628
1	28076543
1	28080615
1	28081165
1	28083347
1	28085540
1	28091019
1	28099919
1	28101324
1	28102693
1	28106342
1	28107772
1	28108526
1	28109159
1	28111860
1	28113235
1	28114635
1	28115225
1	28116591
1	28117476
1	28123271
1	28123907
1	28124051
1	28124093
1	28129839
1	28134007
1	28134721
1	28134973
1	28141254
1	28142036
1	28147065
1	28148516
1	28149807
1	28149881
1	28150875
1	28152954
1	28155869
1	28160466
1	28160944
1	28161285
1	28162824
1	28167692
1	28169956
1	28173142
1	28182228
1	28182701
1	28184206
1	28186433
1	28188430
1	28188614
1	28190717
1	28191428
1	28192232
1	28193791
1	28194286
1	28196498
1	28196698
1	28200014
1	28201854
1	28203234
1	28205222
1	28208035
1	28208802
1	28208811
1	28210305
1	28211064
1	28211334
1	28211960
1	28213050
1	28213118
1	28213238
1	28213617
1	28213641
1	28214172
1	28214213
1	28214525
1	28215589
1	28217864
1	28220044
1	28222794
1	28224393
1	28232956
1	28234108
1	28235475
1	28235792
1	28238918
1	28240077
1	28241367
1	28241641
1	28243410
1	28243493
1	28244333
1	28247245
1	28248513
1	28254583
1	28257713
1	28261932
1	28262704
1	28263176
1	28264376
1	28265585
1	28269651
1	28270931
1	28272356
1	28273499
1	28273837
1	28276020
1	28276568
1	28276646
1	28280050
1	28280840
1	28281215
1	28282180
1	28284215
1	28286392
1	28287591
1	28287916
1	28288278
1	28289465
1	28290404
1	28293151
1	28293837
1	28294629
1	28304185
1	28304294
1	28304555
1	28305203
1	28309753
1	28310878
1	28312796
1	28314777
1	28318324
1	28318562
1	28320336
1	28320504
1	28321548
1	28322938
1	28323027
1	28324809
1	28329271
1	28329958
1	28336994
1	28338047
1	28338499
1	28339113
1	28343220
1	28345018
1	28346078
1	28347070
1	28347079
1	28350280
1	28351067
1	28351655
1	28354915
1	28355577
1	28355801
1	28356314
1	28357048
1	28357530
1	28360634
1	28361741
1	28367712
1	28367900
1	28368626
1	28371780
1	28373340
1	28376919
1	28379074
1	28379466
1	28380989
1	28381066
1	28381591
1	28382120
1	28382952
1	28383704
1	28387280
1	28387478
1	28388705
1	28389111
1	28389116
1	28390127
1	28391696
1	28393434
1	28397806
1	28398337
1	28398922
1	28399060
1	28399092
1	28399201
1	28399815
1	28400661
1	28401143
1	28401331
1	28401673
1	28403273
1	28405532
1	28406894
1	28407993
1	28410927
1	28412181
1	28414494
1	28417607
1	28419130
1	28419237
1	28420420
1	28420569
1	28424171
1	28424539
1	28425824
1	28427618
1	28428283
1	28429293
1	28429547
1	28435579
1	28436881
1	28440574
1	28440864
1	28441625
1	28441870
1	28444450
1	28447876
1	28448984
1	28449374
1	28452964
1	28453023
1	28454039
1	28455650
1	28456604
1	28456673
1	28457585
1	28458854
1	28458882
1	28459169
1	28460194
1	28460521
1	28463548
1	28466995
1	28467341
1	28467700
1	28470419
1	28470448
1	28474094
1	28474871
1	28477814
1	28478205
1	28478686
1	28480408
1	28480938
1	28481334
1	28481536
1	28484435
1	28485570
1	28487212
1	28487791
1	28488531
1	28493361
1	28493815
1	28494092
1	28495832
1	28499485
1	28503459
1	28507790
1	28507969
1	28507973
1	28512675
1	28519416
1	28520012
1	28520896
1	28523609
1	28527712
1	28527840
1	28529186
1	28532064
1	28534669
1	28539034
1	28540294
1	28540505
1	28540792
1	28543908
1	28545781
1	28546056
1	28546282
1	28546402
1	28548114
1	28550453
1	28550876
1	28553521
1	28553570
1	28555112
1	28564340
1	28564714
1	28566529
1	28567604
1	28568295
1	28568377
1	28569104
1	28570186
1	28572716
1	28573131
1	28573172
1	28578621
1	28579250
1	28581876
1	28582126
1	28583082
1	28585223
1	28585587
1	28586785
1	28586931
1	28588881
1	28589604
1	28590495
1	28590860
1	28591533
1	28593299
1	28597924
1	28600495
1	28600713
1	28601621
1	28603974
1	28604434
1	28606939
1	28608971
1	28610901
1	28617789
1	28618907
1	28619436
1	28619960
1	28622054
1	28627056
1	28631064
1	28633815
1	28634057
1	28638077
1	28639164
1	28641437
1	28641462
1	28641770
1	28646722
1	28647763
1	28649774
1	28655647
1	28658954
1	28660505
1	28661426
1	28662575
1	28665279
1	28665792
1	28667076
1	28669255
1	28676146
1	28676181
1	28677114
1	28680338
1	28681484
1	28682506
1	28682764
1	28684248
1	28684489
1	28685939
1	28687574
1	28688603
1	28688914
1	28689359
1	28693571
1	28695583
1	28697870
1	28698349
1	28698396
1	28699488
1	28702426
1	28704918
1	28706794
1	28707260
1	28707401
1	28707533
1	28710166
1	28711759
1	28717612
1	28719583
1	28723239
1	28723908
1	28725204
1	28725950
1	28731529
1	28733308
1	28733610
1	28733694
1	28733777
1	28736468
1	28740817
1	28740980
1	28741348
1	28741586
1	28743152
1	28743765
1	28745010
1	28745173
1	28747121
1	28748909
1	28757212
1	28761160
1	28762441
1	28763340
1	28763887
1	28766446
1	28766780
1	28768286
1	28769971
1	28772274
1	28778851
1	28781154
1	28782538
1	28782602
1	28786873
1	28791552
1	28792334
1	28797852
1	28799186
1	28803002
1	28804923
1	28805672
1	28806121
1	28808020
1	28809363
1	28810741
1	28810881
1	28811839
1	28812120
1	28812697
1	28814661
1	28817247
1	28817863
1	28824446
1	28825234
1	28826860
1	28829149
1	28829309
1	28831290
1	28833751
1	28838342
1	28839782
1	28843409
1	28843432
1	28843778
1	28845749
1	28850860
1	28851585
1	28852242
1	28854477
1	28854714
1	28856999
1	28857930
1	28861088
1	28863538
1	28865033
1	28868411
1	28869566
1	28871576
1	28872768
1	28874105
1	28877619
1	28877987
1	28879029
1	28879321
1	28880121
1	28880699
1	28880980
1	28882416
1	28882887
1	28886221
1	28886966
1	28887990
1	28888926
1	28890677
1	28890807
1	28895556
1	28900007
1	28905728
1	28911869
1	28912432
1	28915187
1	28915344
1	28916705
1	28917260
1	28917584
1	28917730
1	28934836
1	28935845
1	28939565
1	28940427
1	28940866
1	28941308
1	28941985
1	28942185
1	28942218
1	28944531
1	28946460
1	28946941
1	28946959
1	28947391
1	28948495
1	28949307
1	28950126
1	28951670
1	28951797
1	28952447
1	28952555
1	28953591
1	28954426
1	28957079
1	28957124
1	28958463
1	28960128
1	28965022
1	28965293
1	28965910
1	28967886
1	28968660
1	28970575
1	28974602
1	28974667
1	28979335
1	28981208
1	28983818
1	28984379
1	28987854
1	28988062
1	28988073
1	28988703
1	28989153
1	28989781
1	28991378
1	28992683
1	28992701
1	28992716
1	28992816
1	28992845
1	28994482
1	28996397
1	28998708
1	29002604
1	29010723
1	29010815
1	29011000
1	29011142
1	29013045
1	29013961
1	29018069
1	29019933
1	29020499
1	29022338
1	29022628
1	29023543
1	29026886
1	29027119
1	29029880
1	29031501
1	29034113
1	29036353
1	29036495
1	29037990
1	29038417
1	29039871
1	29043265
1	29047442
1	29048009
1	29048794
1	29048852
1	29049260
1	29049539
1	29050050
1	29050089
1	29051529
1	29051579
1	29052645
1	29052890
1	29054028
1	29055237
1	29055706
1	29055782
1	29055958
1	29058197
1	29058900
1	29059599
1	29062577
1	29063660
1	29064941
1	29065802
1	29065898
1	29066016
1	29066243
1	29070408
1	29071071
1	29072715
1	29074235
1	29076812
1	29077200
1	29078047
1	29079648
1	29080150
1	29081374
1	29082489
1	29084472
1	29085817
1	29086760
1	29089380
1	29091698
1	29091911
1	29092059
1	29093316
1	29093321
1	29095161
1	29096224
1	29096349
1	29097541
1	29097926
1	29098432
1	29099655
1	29100508
1	29112356
1	29113663
1	29116189
1	29120799
1	29124178
1	29126577
1	29128053
1	29130820
1	29131225
1	29131775
1	29135288
1	29139646
1	29140373
1	29140502
1	29142035
1	29142150
1	29144590
1	29144977
1	29147100
1	29147342
1	29148689
1	29148711
1	29149059
1	29150486
1	29151172
1	29151972
1	29153798
1	29154939
1	29155186
1	29156118
1	29160546
1	29166436
1	29169691
1	29170476
1	29171521
1	29177242
1	29177999
1	29179294
1	29179692
1	29181533
1	29184472
1	29185607
1	29187550
1	29192163
1	29196014
1	29202316
1	29203502
1	29204558
1	29207028
1	29207528
1	29207571
1	29209369
1	29210717
1	29214362
1	29215909
1	29218006
1	29218120
1	29218929
1	29219554
1	29222083
1	29223354
1	29223620
1	29224078
1	29224747
1	29224839
1	29225846
1	29225949
1	29227736
1	29227889
1	29227951
1	29230899
1	29231281
1	29232207
1	29235431
1	29237679
1	29239554
1	29243277
1	29244000
1	29245976
1	29247917
1	29248651
1	29249800
1	29250500
1	29252549
1	29252926
1	29255991
1	29256665
1	29259407
1	29262939
1	29263780
1	29263797
1	29264711
1	29265230
1	29265754
1	29266009
1	29266482
1	29266930
1	29268128
1	29269642
1	29270262
1	29271700
1	29271748
1	29271875
1	29273668
1	29275263
1	29275300
1	29280894
1	29283964
1	29287988
1	29290758
1	29293789
1	29295566
1	29298016
1	29298942
1	29299220
1	29301949
1	29306494
1	29307214
1	29307238
1	29307754
1	29308207
1	29309994
1	29309999
1	29310184
1	29310372
1	29310761
1	29310829
1	29311393
1	29312264
1	29312568
1	29312570
1	29312796
1	29314112
1	29316221
1	29316256
1	29316623
1	29319147
1	29325989
1	29325993
1	29329103
1	29331553
1	29331986
1	29332509
1	29335403
1	29337394
1	29337616
1	29339956
1	29340413
1	29343707
1	29346133
1	29347125
1	29352408
1	29353037
1	29353302
1	29353927
1	29354190
1	29354598
1	29355344
1	29356619
1	29358205
1	29361457
1	29363270
1	29366394
1	29366737
1	29368633
1	29369695
1	29370953
1	29371292
1	29374308
1	29375756
1	29385574
1	29386568
1	29389651
1	29389863
1	29390737
1	29392295
1	29393838
1	29396152
1	29397972
1	29398173
1	29399272
1	29404827
1	29406724
1	29406753
1	29407339
1	29408270
1	29408723
1	29408740
1	29414954
1	29415055
1	29416267
1	29419585
1	29420145
1	29421976
1	29422174
1	29423444
1	29432099
1	29434842
1	29436081
1	29437062
1	29437253
1	29440193
1	29442362
1	29442708
1	29443804
1	29444011
1	29445546
1	29446313
1	29449102
1	29449294
1	29449296
1	29450132
1	29450408
1	29451053
1	29451155
1	29455133
1	29458498
1	29461984
1	29465040
1	29466075
1	29467470
1	29467821
1	29467920
1	29472422
1	29473496
1	29474730
1	29475988
1	29479636
1	29479860
1	29484144
1	29485776
1	29486303
1	29486375
1	29488152
1	29489218
1	29489895
1	29491995
1	29492555
1	29493517
1	29494837
1	29495726
1	29496566
1	29497697
1	29497877
1	29498005
1	29498303
1	29499063
1	29499328
1	29499488
1	29500930
1	29503308
1	29505328
1	29509525
1	29509799
1	29511052
1	29513412
1	29513632
1	29515811
1	29516260
1	29516388
1	29517967
1	29518035
1	29518866
1	29519586
1	29520418
1	29521102
1	29522111
1	29523091
1	29524880
1	29525796
1	29526992
1	29527375
1	29529727
1	29532379
1	29532717
1	29534266
1	29534745
1	29536958
1	29540744
1	29540911
1	29547059
1	29548838
1	29549302
1	29551708
1	29553547
1	29555042
1	29555867
1	29555939
1	29559349
1	29559832
1	29560261
1	29561294
1	29561969
1	29563902
1	29568703
1	29573098
1	29575275
1	29576210
1	29576886
1	29580096
1	29582905
1	29584166
1	29588142
1	29590047
1	29595192
1	29595941
1	29598815
1	29600554
1	29601903
1	29602058
1	29602546
1	29602856
1	29603303
1	29603407
1	29604262
1	29604454
1	29605654
1	29606830
1	29608176
1	29608925
1	29613812
1	29614417
1	29616599
1	29617155
1	29622034
1	29623730
1	29627482
1	29630971
1	29632246
1	29634385
1	29635247
1	29636729
1	29637944
1	29639081
1	29639293
1	29639483
1	29640296
1	29643332
1	29644465
1	29647786
1	29648339
1	29648543
1	29650014
1	29650154
1	29652499
1	29654950
1	29657969
1	29658167
1	29661903
1	29662600
1	29665053
1	29665855
1	29666256
1	29667590
1	29668285
1	29669724
1	29670040
1	29671513
1	29671916
1	29676841
1	29679131
1	29680202
1	29680205
1	29680893
1	29681869
1	29685820
1	29686106
1	29688113
1	29688197
1	29688858
1	29690472
1	29691908
1	29693082
1	29694614
1	29694673
1	29696231
1	29698544
1	29699040
1	29702355
1	29703652
1	29703992
1	29705316
1	29707584
1	29709451
1	29711855
1	29713327
1	29713449
1	29715801
1	29718092
1	29719326
1	29725130
1	29726121
1	29726386
1	29728639
1	29728948
1	29731975
1	29734585
1	29738909
1	29741061
1	29742208
1	29743399
1	29743794
1	29747144
1	29747386
1	29748023
1	29749252
1	29753453
1	29754096
1	29754558
1	29755419
1	29756589
1	29756909
1	29758017
1	29758607
1	29758908
1	29766738
1	29767756
1	29768654
1	29770133
1	29770287
1	29770404
1	29771053
1	29771662
1	29775803
1	29776098
1	29781629
1	29783216
1	29784188
1	29785009
1	29786155
1	29790300
1	29791913
1	29792656
1	29794626
1	29795040
1	29795230
1	29798853
1	29800431
1	29803583
1	29805777
1	29806464
1	29807806
1	29808023
1	29808832
1	29809080
1	29809296
1	29809657
1	29812253
1	29812704
1	29813450
1	29815186
1	29816113
1	29816770
1	29818637
1	29818954
1	29820089
1	29821229
1	29821301
1	29821918
1	29822222
1	29825286
1	29826206
1	29828287
1	29829676
1	29833558
1	29834768
1	29836732
1	29836898
1	29838124
1	29838610
1	29839187
1	29842464
1	29842599
1	29844476
1	29847676
1	29854649
1	29855911
1	29856463
1	29856524
1	29856857
1	29860511
1	29862201
1	29862917
1	29863220
1	29863354
1	29864861
1	29866274
1	29869296
1	29870579
1	29870877
1	29873238
1	29873995
1	29874729
1	29874742
1	29876805
1	29879646
1	29882369
1	29884649
1	29886068
1	29886889
1	29889439
1	29890537
1	29891571
1	29895823
1	29896532
1	29898868
1	29900891
1	29904758
1	29905420
1	29905649
1	29906666
1	29906923
1	29910298
1	29914257
1	29915640
1	29916650
1	29918082
1	29925957
1	29927166
1	29929341
1	29930852
1	29931422
1	29931776
1	29931779
1	29932257
1	29934014
1	29935135
1	29935890
1	29936600
1	29937437
1	29938527
1	29941413
1	29942214
1	29944142
1	29947439
1	29950325
1	29966632
1	29968800
1	29970347
1	29971959
1	29972401
1	29977054
1	29979066
1	29980178
1	29985282
1	29985601
1	29987699
1	29989131
1	29990946
1	29991245
1	29993937
1	29994366
1	29998525
1	30001352
1	30003610
1	30003978
1	30006017
1	30006605
1	30007641
1	30008092
1	30013401
1	30014080
1	30015766
1	30016464
1	30018780
1	30018787
1	30019507
1	30019941
1	30021991
1	30023817
1	30024139
1	30025822
1	30026614
1	30026847
1	30030183
1	30030331
1	30033133
1	30034245
1	30035131
1	30035353
1	30036676
1	30045642
1	30047035
1	30049881
1	30051676
1	30052140
1	30052632
1	30053959
1	30053981
1	30056549
1	30057156
1	30059146
1	30060640
1	30062436
1	30063027
1	30064427
1	30065201
1	30069343
1	30070869
1	30073726
1	30075737
1	30076460
1	30081235
1	30081245
1	30081262
1	30081833
1	30086663
1	30090109
1	30092128
1	30092876
1	30093918
1	30096483
1	30100644
1	30101989
1	30105736
1	30105740
1	30109572
1	30110517
1	30110826
1	30113738
1	30114739
1	30115789
1	30116503
1	30117674
1	30119028
1	30122421
1	30124836
1	30125664
1	30128001
1	30129085
1	30135363
1	30135844
1	30141884
1	30147782
1	30148439
1	30151819
1	30155296
1	30156410
1	30157805
1	30158450
1	30158601
1	30159341
1	30165438
1	30167643
1	30168077
1	30169210
1	30169278
1	30169638
1	30171780
1	30171888
1	30172826
1	30174155
1	30175421
1	30175489
1	30180469
1	30180529
1	30183581
1	30186031
1	30188964
1	30190288
1	30192943
1	30193334
1	30194556
1	30196223
1	30200052
1	30200845
1	30203940
1	30204282
1	30207771
1	30208379
1	30211518
1	30215420
1	30220955
1	30222664
1	30224089
1	30224916
1	30225272
1	30230832
1	30235390
1	30239465
1	30239498
1	30242264
1	30243935
1	30245706
1	30246114
1	30246863
1	30256408
1	30256603
1	30257540
1	30258111
1	30258347
1	30259491
1	30262201
1	30268907
1	30269236
1	30271792
1	30275281
1	30275577
1	30281661
1	30286068
1	30289052
1	30289829
1	30291619
1	30292783
1	30296221
1	30296726
1	30309097
1	30309659
1	30314914
1	30316355
1	30319359
1	30323628
1	30325819
1	30329434
1	30329919
1	30331374
1	30331823
1	30333403
1	30337417
1	30338812
1	30339578
1	30340838
1	30340849
1	30341144
1	30343487
1	30344384
1	30346919
1	30347209
1	30348549
1	30348692
1	30350389
1	30352016
1	30352846
1	30353658
1	30356036
1	30357310
1	30359467
1	30362756
1	30363387
1	30367991
1	30368814
1	30369096
1	30373512
1	30375292
1	30376723
1	30376947
1	30378245
1	30381053
1	30382728
1	30384078
1	30392243
1	30393001
1	30394571
1	30395867
1	30397836
1	30400278
1	30400422
1	30401365
1	30402291
1	30404663
1	30407561
1	30409151
1	30411563
1	30413933
1	30414355
1	30416491
