1	1613032
1	7748287
1	2853991
1	6927257
1	4088710
1	1460713
1	3709984
1	8762968
1	5242397
1	7512220
1	238383
1	6578524
1	473606
1	2070116
1	4863240
1	6269226
1	7922734
1	1752317
1	365024
1	1761963
1	820090
1	3513068
1	860571
1	3224238
1	5102415
1	7203119
1	2392842
1	295639
1	104439
1	7779411
1	9068295
1	2751109
1	8666855
1	7848475
1	1508046
1	486072
1	2876465
1	7123400
1	2528044
1	6778677
1	6845777
1	4188770
1	6757177
1	4676740
1	1918344
1	2052754
1	6586965
1	1235009
1	2201596
1	2731725
1	1566411
1	5142447
1	1917799
1	5571374
1	23006
1	4313048
1	5544459
1	4380916
1	5176817
1	5802528
1	6877126
1	6119707
1	1399915
1	3899484
1	4579846
1	6747338
1	446556
1	486827
1	6414505
1	5431872
1	2833973
1	8993723
1	2842943
1	4903506
1	8534111
1	3588919
1	8716589
1	8614405
1	6481834
1	1796315
1	3667280
1	6561345
1	494203
1	7787572
1	5712334
1	2917811
1	7654533
1	7112594
1	6517108
1	5984123
1	4816960
1	2252998
1	7258438
1	8101304
1	2680973
1	2510279
1	4339708
1	8750316
1	2823585
1	2258023
1	9055066
1	5886855
1	543169
1	5482542
1	6508452
1	3275067
1	6504675
1	3681018
1	1204021
1	524353
1	530106
1	3565610
1	2610405
1	2003062
1	6293115
1	1248879
1	8848753
1	1921635
1	6953082
1	2904478
1	636137
1	1304409
1	2470810
1	6867552
1	8169087
1	8547941
1	1607925
1	8584123
1	921223
1	3395261
1	6074750
1	3549455
1	8888017
1	5714557
1	7557421
1	3902179
1	670404
1	4337364
1	1529507
1	5316740
1	2266775
1	2003051
1	5145645
1	7926738
1	5757297
1	4631737
1	4501654
1	4787305
1	2139517
1	2213344
1	1481196
1	7396912
1	1479661
1	224659
1	5483776
1	7011404
1	8983712
1	5749900
1	7401850
1	5585908
1	8750872
1	395508
1	4800116
1	2544060
1	7930531
1	7207498
1	5485728
1	8609481
1	2149739
1	8678209
1	7055178
1	2517194
1	907215
1	8883207
1	6404565
1	2749340
1	5419906
1	7770388
1	8108417
1	7189597
1	1112599
1	6931294
1	6812366
1	4605430
1	8655901
1	1243639
1	1317650
1	4320276
1	5764388
1	4054394
1	874827
1	4093035
1	7656289
1	983168
1	4503373
1	6748641
1	937140
1	3150365
1	1535804
1	2892149
1	1221347
1	3476649
1	7104753
1	8973458
1	7896116
1	8713862
1	6411177
1	5039910
1	7241610
1	5962408
1	5497893
1	3780504
1	4662386
1	966895
1	4165970
1	2741763
1	3126017
1	2509289
1	4259096
1	8652033
1	3501694
1	6869258
1	1428423
1	4708388
1	473234
1	2714778
1	8330264
1	4427947
1	8393888
1	1375978
1	6563030
1	6248436
1	2390229
1	3299798
1	3320497
1	2428139
1	4223921
1	8068798
1	6513048
1	5366103
1	1982505
1	3638156
1	3935804
1	2693827
1	3717920
1	5667677
1	6268874
1	397219
1	6057433
1	7573357
1	3343883
1	1427388
1	4052705
1	7609851
1	6061770
1	7333400
1	6875161
1	964569
1	8697232
1	8858313
1	4318909
1	7848815
1	2404535
1	8970119
1	6148525
1	8648191
1	4815088
1	4191924
1	7575159
1	2936805
1	6587674
1	1410861
1	7652356
1	2258316
1	4352613
1	3382995
1	6640500
1	7909460
1	5866468
1	8393365
1	8132953
1	5916061
1	6420832
1	4751528
1	9085743
1	7632886
1	7409559
1	3485633
1	2264467
1	7746124
1	5980484
1	5048799
1	3871009
1	6259767
1	2766438
1	2164235
1	145567
1	7039244
1	6724347
1	4928545
1	7998883
1	5644626
1	5668097
1	1334849
1	6207318
1	1830742
1	8546215
1	3504328
1	803386
1	4630970
1	6854159
1	6280597
1	3847807
1	5213002
1	2824486
1	8250087
1	3256520
1	1277174
1	5887029
1	8230288
1	8397539
1	5240171
1	7245287
1	8662700
1	4541224
1	4634833
1	7306883
1	901000
1	4458914
1	1661851
1	1773445
1	3038451
1	1728082
1	6238654
1	4481472
1	1503904
1	3883423
1	8886618
1	7979835
1	2802219
1	8053438
1	8228006
1	4741911
1	2848573
1	1703376
1	7673723
1	5685796
1	7051965
1	5501782
1	8268268
1	8182831
1	4045355
1	6060652
1	8341329
1	6702901
1	78569
1	6511510
1	2898919
1	1309465
1	2601908
1	1929668
1	89630
1	8604148
1	8379753
1	6946032
1	4219358
1	7669815
1	8088487
1	1638953
1	617002
1	2784021
1	7890815
1	6594780
1	7366177
1	3446900
1	3604445
1	4077972
1	439963
1	4559251
1	7826712
1	8415023
1	8191251
1	6671279
1	3529068
1	13538
1	3829646
1	2266743
1	2693429
1	1975004
1	502201
1	5342467
1	8172062
1	2060013
1	7910163
1	8280571
1	3561530
1	7809892
1	4810802
1	4708926
1	8902426
1	4369061
1	2324174
1	2237857
1	1480761
1	3194586
1	3119758
1	7346356
1	5677924
1	5750848
1	4076388
1	6068149
1	5387777
1	2729618
1	1533452
1	5611041
1	4789515
1	605850
1	7088722
1	4900324
1	4656002
1	5629027
1	8954353
1	8888882
1	3924941
1	167463
1	7401502
1	1321141
1	6390631
1	9016227
1	746839
1	2441843
1	676798
1	5285919
1	2394629
1	1544437
1	8119829
1	7278643
1	8027080
1	1941532
1	4917401
1	3713791
1	4888616
1	5631156
1	3190510
1	400964
1	5227805
1	5482749
1	3592596
1	1205143
1	3714044
1	5764548
1	7929197
1	4676305
1	6237931
1	3083361
1	3968387
1	5958481
1	1020473
1	7148054
1	872130
1	5162575
1	5661947
1	5504144
1	4953654
1	6840316
1	42717
1	2195236
1	8068940
1	8757865
1	2685513
1	2656066
1	8548003
1	6884181
1	8065458
1	971035
1	8526834
1	4480383
1	3971881
1	7396993
1	3507339
1	6632723
1	5454968
1	2118734
1	5846547
1	3820382
1	3554651
1	2994289
1	6900487
1	3828385
1	3812537
1	466628
1	4632585
1	2604486
1	5113721
1	98917
1	1509989
1	5946462
1	2424774
1	1412793
1	4715742
1	2388219
1	4816471
1	8187527
1	2199980
1	5164950
1	6403692
1	4418707
1	1081743
1	7117235
1	4981013
1	8699490
1	107842
1	8689037
1	195607
1	2149000
1	6579657
1	7946074
1	6746556
1	3735802
1	6548994
1	3221578
1	5819593
1	1145951
1	292000
1	8895205
1	8199225
1	4266737
1	8514894
1	8337117
1	5758751
1	2492999
1	7810792
1	4481603
1	6016555
1	6865537
1	3277816
1	5203229
1	61830
1	8740924
1	2567536
1	5991414
1	8358513
1	4973872
1	2143324
1	1328224
1	5055151
1	4818476
1	7784342
1	476176
1	4352058
1	7556095
1	8580914
1	7890048
1	3250191
1	6990737
1	5389097
1	3090507
1	5021251
1	5648382
1	5697249
1	1862978
1	2454775
1	8756304
1	3941262
1	4479583
1	7227752
1	4375728
1	2739336
1	8850004
1	4132363
1	2815355
1	7749634
1	4466192
1	3695684
1	6639684
1	4743305
1	3103910
1	79441
1	246087
1	3971821
1	7610276
1	40316
1	408946
1	6617726
1	8389732
1	7735343
1	309991
1	1137015
1	3590381
1	19952
1	758144
1	1474017
1	8603667
1	3697716
1	2275453
1	8671814
1	3545564
1	758531
1	7227921
1	7540679
1	6580315
1	5743472
1	8548398
1	4494162
1	8351292
1	5648437
1	1135803
1	1635903
1	1574071
1	2022721
1	2680972
1	2490039
1	4682189
1	5691963
1	4296530
1	2519268
1	4482096
1	7806792
1	1564085
1	2756405
1	1194153
1	507386
1	7400105
1	7465355
1	4593099
1	1092868
1	6239991
1	807425
1	267199
1	6109168
1	1539951
1	6702332
1	3847748
1	1840628
1	7798382
1	2869793
1	4831810
1	8161881
1	5037001
1	2609822
1	6971220
1	2493925
1	3776447
1	6993480
1	8532210
1	5427004
1	1905323
1	4521881
1	3896170
1	4992940
1	1922135
1	2078429
1	3204753
1	6224232
1	4091999
1	3176058
1	5221690
1	2147144
1	5299903
1	209028
1	8405107
1	4919087
1	5169063
1	8597722
1	1484542
1	1833355
1	2386222
1	6726005
1	5841966
1	4698354
1	8508498
1	3920687
1	184769
1	6401491
1	8391519
1	5172027
1	8655085
1	8670537
1	1924960
1	2082013
1	3710412
1	4870252
1	1347860
1	2341521
1	8717060
1	6841180
1	2311831
1	5742738
1	5692166
1	3605269
1	1380496
1	7907483
1	6475123
1	1561406
1	464624
1	6738191
1	4275834
1	5517671
1	7504066
1	7814229
1	3670575
1	4418899
1	3343928
1	4050074
1	689213
1	1108739
1	5851965
1	642270
1	5939155
1	7203921
1	5859805
1	1409362
1	4715586
1	148163
1	3920068
1	1120348
1	8942322
1	6097160
1	6012652
1	3755470
1	4592004
1	7302430
1	2589474
1	6229550
1	1110830
1	8607704
1	8841758
1	4849316
1	8089353
1	6871998
1	5448809
1	4861736
1	7889509
1	497046
1	4715170
1	6439559
1	8561296
1	4027878
1	3739129
1	2073304
1	8712619
1	4757119
1	6149876
1	3012324
1	5565779
1	3312074
1	4086853
1	1900754
1	1292538
1	38639
1	3402208
1	8867492
1	7947696
1	1751736
1	2392920
1	6383971
1	2313111
1	1587200
1	1853935
1	6768352
1	239125
1	8131306
1	28230
1	809564
1	7409367
1	3509127
1	7523459
1	4436251
1	2911892
1	5959695
1	352964
1	6934046
1	7205747
1	7060773
1	1820448
1	3976462
1	442109
1	6315479
1	427541
1	8393311
1	6836174
1	8171057
1	699649
1	3496004
1	777723
1	6060422
1	1079845
1	7185775
1	7180133
1	7391978
1	7467494
1	4597346
1	3224225
1	284142
1	402667
1	3881334
1	1398231
1	2715583
1	8884614
1	5446509
1	8670344
1	1518635
1	874936
1	7944009
1	5328623
1	2889097
1	7033466
1	7690113
1	5063588
1	1648197
1	2620688
1	61825
1	6332553
1	7967231
1	6740952
1	8261388
1	7724960
1	8212314
1	4860534
1	4960208
1	7839526
1	3738246
1	5513190
1	7508789
1	6971984
1	1811167
1	1220697
1	1294258
1	7887339
1	6556571
1	1868461
1	8961841
1	2171847
1	1704961
1	8606271
1	1756982
1	7479626
1	3295783
1	3234669
1	6179288
1	619628
1	7918222
1	3551310
1	5074375
1	8856651
1	8318955
1	7986558
1	5001954
1	6164423
1	3709334
1	2844033
1	6356352
1	5589560
1	2127913
1	1101691
1	515980
1	5441051
1	1015186
1	228056
1	2836309
1	5058628
1	8729034
1	6686942
1	4426902
1	7945970
1	225782
1	4830259
1	2011233
1	4080358
1	6563523
1	8339682
1	3328547
1	8572630
1	6950976
1	1677348
1	4734100
1	4736995
1	7684205
1	2237110
1	180084
1	8710852
1	4960754
1	7419548
1	6012333
1	2080918
1	5963260
1	4469845
1	2399165
1	1117969
1	5056432
1	4045235
1	4501540
1	2437273
1	201734
1	2489421
1	583509
1	2660880
1	6544559
1	1873728
1	5062336
1	3002037
1	1556342
1	4280959
1	129189
1	2267066
1	3786162
1	633665
1	5513598
1	143819
1	6983811
1	1597933
1	7959823
1	5544775
1	499045
1	291674
1	918993
1	178516
1	5199246
1	6451013
1	6296911
1	1185526
1	3974235
1	1188633
1	5188175
1	6988547
1	770949
1	5642515
1	7452227
1	7523130
1	8074481
1	2472556
1	5773795
1	477221
1	3226003
1	2252304
1	8205981
1	3200039
1	870850
1	8268981
1	6278959
1	6676328
1	4749471
1	5003768
1	5563177
1	5020824
1	7874682
1	2076055
1	8554961
1	536639
1	1959718
1	6927385
1	2855827
1	4439989
1	4995119
1	1005910
1	5902900
1	7766551
1	3541458
1	4844820
1	5314414
1	1460643
1	8052742
1	3502384
1	1323979
1	5523290
1	4856140
1	8622142
1	4741334
1	1419936
1	7937531
1	327825
1	587351
1	14720
1	543351
1	5694110
1	3646215
1	7114718
1	2109689
1	4401648
1	496162
1	1822357
1	6169542
1	2546940
1	5086471
