1	1613032
1	7748287
1	2853991
1	6927257
1	4088710
1	1460713
1	3709984
1	8762968
1	5242397
1	7512220
1	238383
1	6578524
1	473606
1	2070116
1	4863240
1	6269226
1	7922734
1	1752317
1	365024
1	1761963
1	820090
1	3513068
1	860571
1	3224238
1	5102415
1	7203119
1	2392842
1	295639
1	104439
1	7779411
1	9068295
1	2751109
1	8666855
1	7848475
1	1508046
1	486072
1	2876465
1	7123400
1	2528044
1	6778677
1	6845777
1	4188770
1	6757177
1	4676740
1	1918344
1	2052754
1	6586965
1	1235009
1	2201596
1	2731725
1	1566411
1	5142447
1	1917799
1	5571374
1	23006
1	4313048
1	5544459
1	4380916
1	5176817
1	5802528
1	6877126
1	6119707
1	1399915
1	3899484
1	4579846
1	6747338
1	446556
1	486827
1	6414505
1	5431872
1	2833973
1	8993723
1	2842943
1	4903506
1	8534111
1	3588919
1	8716589
1	8614405
1	6481834
1	1796315
1	3667280
1	6561345
1	494203
1	7787572
1	5712334
1	2917811
1	7654533
1	7112594
1	6517108
1	5984123
1	4816960
1	2252998
1	7258438
1	8101304
1	2680973
1	2510279
1	4339708
1	8750316
1	2823585
1	2258023
1	9055066
1	5886855
1	543169
1	5482542
1	6508452
1	3275067
1	6504675
1	3681018
1	1204021
1	524353
1	530106
1	3565610
1	2610405
1	2003062
1	6293115
1	1248879
1	8848753
1	1921635
1	6953082
1	2904478
1	636137
1	1304409
1	2470810
1	6867552
1	8169087
1	8547941
1	1607925
1	8584123
1	921223
1	3395261
1	6074750
1	3549455
1	8888017
1	5714557
1	7557421
1	3902179
1	670404
1	4337364
1	1529507
1	5316740
1	2266775
1	2003051
1	5145645
1	7926738
1	5757297
1	4631737
1	4501654
1	4787305
1	2139517
1	2213344
1	1481196
1	7396912
1	1479661
1	224659
1	5483776
1	7011404
1	8983712
1	5749900
1	7401850
1	5585908
1	8750872
1	395508
1	4800116
1	2544060
1	7930531
1	7207498
1	5485728
1	8609481
1	2149739
1	8678209
1	7055178
1	2517194
1	907215
1	8883207
1	6404565
1	2749340
1	5419906
1	7770388
1	8108417
1	7189597
1	1112599
1	6931294
1	6812366
1	4605430
1	8655901
1	1243639
1	1317650
1	4320276
1	5764388
1	4054394
1	874827
1	4093035
1	7656289
1	983168
1	4503373
1	6748641
1	937140
1	3150365
1	1535804
1	2892149
1	1221347
1	3476649
1	7104753
1	8973458
1	7896116
1	8713862
1	6411177
1	5039910
1	7241610
1	5962408
1	5497893
1	3780504
1	4662386
1	966895
1	4165970
1	2741763
1	3126017
1	2509289
1	4259096
1	8652033
1	3501694
1	6869258
1	1428423
1	4708388
1	473234
1	2714778
1	8330264
1	4427947
1	8393888
1	1375978
1	6563030
1	6248436
1	2390229
1	3299798
1	3320497
1	2428139
1	4223921
1	8068798
1	6513048
1	5366103
1	1982505
1	3638156
1	3935804
1	2693827
1	3717920
1	5667677
1	6268874
1	397219
1	6057433
1	7573357
1	3343883
1	1427388
1	4052705
1	7609851
1	6061770
1	7333400
1	6875161
1	964569
1	8697232
1	8858313
1	4318909
1	7848815
1	2404535
1	8970119
1	6148525
1	8648191
1	4815088
1	4191924
1	7575159
1	2936805
1	6587674
1	1410861
1	7652356
1	2258316
1	4352613
1	3382995
1	6640500
1	7909460
1	5866468
1	8393365
1	8132953
1	5916061
1	6420832
1	4751528
1	9085743
1	7632886
1	7409559
1	3485633
1	2264467
1	7746124
1	5980484
1	5048799
1	3871009
1	6259767
1	2766438
1	2164235
1	145567
1	7039244
1	6724347
1	4928545
1	7998883
1	5644626
1	5668097
1	1334849
1	6207318
1	1830742
1	8546215
1	3504328
1	803386
1	4630970
1	6854159
1	6280597
1	3847807
1	5213002
1	2824486
1	8250087
1	3256520
1	1277174
1	5887029
1	8230288
1	8397539
1	5240171
1	7245287
1	8662700
1	4541224
1	4634833
1	7306883
1	901000
1	4458914
1	1661851
1	1773445
1	3038451
1	1728082
1	6238654
1	4481472
1	1503904
1	3883423
1	8886618
1	7979835
1	2802219
1	8053438
1	8228006
1	4741911
1	2848573
1	1703376
1	7673723
1	5685796
1	7051965
1	5501782
1	8268268
1	8182831
1	4045355
1	6060652
1	8341329
1	6702901
1	78569
1	6511510
1	2898919
1	1309465
1	2601908
1	1929668
1	89630
1	8604148
1	8379753
1	6946032
1	4219358
1	7669815
1	8088487
1	1638953
1	617002
1	2784021
1	7890815
1	6594780
1	7366177
1	3446900
1	3604445
1	4077972
1	439963
1	4559251
1	7826712
1	8415023
1	8191251
1	6671279
1	3529068
1	13538
1	3829646
1	2266743
1	2693429
1	1975004
1	502201
1	5342467
1	8172062
1	2060013
1	7910163
1	8280571
1	3561530
1	7809892
1	4810802
1	4708926
1	8902426
1	4369061
1	2324174
1	2237857
1	1480761
1	3194586
1	3119758
1	7346356
1	5677924
1	5750848
1	4076388
1	6068149
1	5387777
1	2729618
1	1533452
1	5611041
1	4789515
1	605850
1	7088722
1	4900324
1	4656002
1	5629027
1	8954353
1	8888882
1	3924941
1	167463
1	7401502
1	1321141
1	6390631
1	9016227
1	746839
1	2441843
1	676798
1	5285919
1	2394629
1	1544437
1	8119829
1	7278643
1	8027080
1	1941532
1	4917401
1	3713791
1	4888616
1	5631156
1	3190510
1	400964
1	5227805
1	5482749
1	3592596
1	1205143
1	3714044
1	5764548
1	7929197
1	4676305
1	6237931
1	3083361
1	3968387
1	5958481
1	1020473
1	7148054
1	872130
1	5162575
1	5661947
1	5504144
1	4953654
1	6840316
1	42717
1	2195236
1	8068940
1	8757865
1	2685513
1	2656066
1	8548003
1	6884181
1	8065458
1	971035
1	8526834
1	4480383
1	3971881
1	7396993
1	3507339
1	6632723
1	5454968
1	2118734
1	5846547
1	3820382
1	3554651
1	2994289
1	6900487
1	3828385
1	3812537
1	466628
1	4632585
1	2604486
1	5113721
1	98917
1	1509989
1	5946462
1	2424774
1	1412793
1	4715742
1	2388219
1	4816471
1	8187527
1	2199980
1	5164950
1	6403692
1	4418707
1	1081743
1	7117235
1	4981013
1	8699490
1	107842
1	8689037
1	195607
1	2149000
1	6579657
1	7946074
1	6746556
1	3735802
1	6548994
1	3221578
1	5819593
1	1145951
1	292000
1	8895205
1	8199225
1	4266737
1	8514894
1	8337117
1	5758751
1	2492999
1	7810792
1	4481603
1	6016555
1	6865537
1	3277816
1	5203229
1	61830
1	8740924
1	2567536
1	5991414
1	8358513
1	4973872
1	2143324
1	1328224
1	5055151
1	4818476
1	7784342
1	476176
1	4352058
1	7556095
1	8580914
1	7890048
1	3250191
1	6990737
1	5389097
1	3090507
1	5021251
1	5648382
1	5697249
1	1862978
1	2454775
1	8756304
1	3941262
1	4479583
1	7227752
1	4375728
1	2739336
1	8850004
1	4132363
1	2815355
1	7749634
1	4466192
1	3695684
1	6639684
1	4743305
1	3103910
1	79441
1	246087
1	3971821
1	7610276
1	40316
1	408946
1	6617726
1	8389732
1	7735343
1	309991
1	1137015
1	3590381
1	19952
1	758144
1	1474017
1	8603667
1	3697716
1	2275453
1	8671814
1	3545564
1	758531
1	7227921
1	7540679
1	6580315
1	5743472
1	8548398
1	4494162
1	8351292
1	5648437
1	1135803
1	1635903
1	1574071
1	2022721
1	2680972
1	2490039
1	4682189
1	5691963
1	4296530
1	2519268
1	4482096
1	7806792
1	1564085
1	2756405
1	1194153
1	507386
1	7400105
1	7465355
1	4593099
1	1092868
1	6239991
1	807425
1	267199
1	6109168
1	1539951
1	6702332
1	3847748
1	1840628
1	7798382
1	2869793
1	4831810
1	8161881
1	5037001
1	2609822
1	6971220
1	2493925
1	3776447
1	6993480
1	8532210
1	5427004
1	1905323
1	4521881
1	3896170
1	4992940
1	1922135
1	2078429
1	3204753
1	6224232
1	4091999
1	3176058
1	5221690
1	2147144
1	5299903
1	209028
1	8405107
1	4919087
1	5169063
1	8597722
1	1484542
1	1833355
1	2386222
1	6726005
1	5841966
1	4698354
1	8508498
1	3920687
1	184769
1	6401491
1	8391519
1	5172027
1	8655085
1	8670537
1	1924960
1	2082013
1	3710412
1	4870252
1	1347860
1	2341521
1	8717060
1	6841180
1	2311831
1	5742738
1	5692166
1	3605269
1	1380496
1	7907483
1	6475123
1	1561406
1	464624
1	6738191
1	4275834
1	5517671
1	7504066
1	7814229
1	3670575
1	4418899
1	3343928
1	4050074
1	689213
1	1108739
1	5851965
1	642270
1	5939155
1	7203921
1	5859805
1	1409362
1	4715586
1	148163
1	3920068
1	1120348
1	8942322
1	6097160
1	6012652
1	3755470
1	4592004
1	7302430
1	2589474
1	6229550
1	1110830
1	8607704
1	8841758
1	4849316
1	8089353
1	6871998
1	5448809
1	4861736
1	7889509
1	497046
1	4715170
1	6439559
1	8561296
1	4027878
1	3739129
1	2073304
1	8712619
1	4757119
1	6149876
1	3012324
1	5565779
1	3312074
1	4086853
1	1900754
1	1292538
1	38639
1	3402208
1	8867492
1	7947696
1	1751736
1	2392920
1	6383971
1	2313111
1	1587200
1	1853935
1	6768352
1	239125
1	8131306
1	28230
1	809564
1	7409367
1	3509127
1	7523459
1	4436251
1	2911892
1	5959695
1	352964
1	6934046
1	7205747
1	7060773
1	1820448
1	3976462
1	442109
1	6315479
1	427541
1	8393311
1	6836174
1	8171057
1	699649
1	3496004
1	777723
1	6060422
1	1079845
1	7185775
1	7180133
1	7391978
1	7467494
1	4597346
1	3224225
1	284142
1	402667
1	3881334
1	1398231
1	2715583
1	8884614
1	5446509
1	8670344
1	1518635
1	874936
1	7944009
1	5328623
1	2889097
1	7033466
1	7690113
1	5063588
1	1648197
1	2620688
1	61825
1	6332553
1	7967231
1	6740952
1	8261388
1	7724960
1	8212314
1	4860534
1	4960208
1	7839526
1	3738246
1	5513190
1	7508789
1	6971984
1	1811167
1	1220697
1	1294258
1	7887339
1	6556571
1	1868461
1	8961841
1	2171847
1	1704961
1	8606271
1	1756982
1	7479626
1	3295783
1	3234669
1	6179288
1	619628
1	7918222
1	3551310
1	5074375
1	8856651
1	8318955
1	7986558
1	5001954
1	6164423
1	3709334
1	2844033
1	6356352
1	5589560
1	2127913
1	1101691
1	515980
1	5441051
1	1015186
1	228056
1	2836309
1	5058628
1	8729034
1	6686942
1	4426902
1	7945970
1	225782
1	4830259
1	2011233
1	4080358
1	6563523
1	8339682
1	3328547
1	8572630
1	6950976
1	1677348
1	4734100
1	4736995
1	7684205
1	2237110
1	180084
1	8710852
1	4960754
1	7419548
1	6012333
1	2080918
1	5963260
1	4469845
1	2399165
1	1117969
1	5056432
1	4045235
1	4501540
1	2437273
1	201734
1	2489421
1	583509
1	2660880
1	6544559
1	1873728
1	5062336
1	3002037
1	1556342
1	4280959
1	129189
1	2267066
1	3786162
1	633665
1	5513598
1	143819
1	6983811
1	1597933
1	7959823
1	5544775
1	499045
1	291674
1	918993
1	178516
1	5199246
1	6451013
1	6296911
1	1185526
1	3974235
1	1188633
1	5188175
1	6988547
1	770949
1	5642515
1	7452227
1	7523130
1	8074481
1	2472556
1	5773795
1	477221
1	3226003
1	2252304
1	8205981
1	3200039
1	870850
1	8268981
1	6278959
1	6676328
1	4749471
1	5003768
1	5563177
1	5020824
1	7874682
1	2076055
1	8554961
1	536639
1	1959718
1	6927385
1	2855827
1	4439989
1	4995119
1	1005910
1	5902900
1	7766551
1	3541458
1	4844820
1	5314414
1	1460643
1	8052742
1	3502384
1	1323979
1	5523290
1	4856140
1	8622142
1	4741334
1	1419936
1	7937531
1	327825
1	587351
1	14720
1	543351
1	5694110
1	3646215
1	7114718
1	2109689
1	4401648
1	496162
1	1822357
1	6169542
1	2546940
1	5086471
1	4491644
1	4312487
1	8429418
1	3717454
1	6851101
1	7429262
1	8518675
1	8052183
1	2478299
1	9021862
1	4964173
1	6775953
1	3487941
1	1562501
1	878874
1	340305
1	3631314
1	6310104
1	5387756
1	8657059
1	2737707
1	9024881
1	4238252
1	963086
1	822980
1	317687
1	7318689
1	8636912
1	8543408
1	809491
1	4837511
1	3709850
1	5738452
1	3459609
1	5998856
1	939209
1	3191373
1	2519331
1	5070739
1	1207138
1	3690876
1	602443
1	8513860
1	4696020
1	7906015
1	4751184
1	1123731
1	5324798
1	6751029
1	8313325
1	2482974
1	7722691
1	4256916
1	2723922
1	7409935
1	7905204
1	3794332
1	382487
1	2257134
1	967706
1	7094546
1	8575470
1	4971966
1	6987931
1	1195657
1	82579
1	835800
1	44601
1	1650453
1	6173866
1	8285388
1	2253003
1	7726658
1	6392983
1	3862942
1	220478
1	7834284
1	2592398
1	2887010
1	6599908
1	7133114
1	8024493
1	7114088
1	5774629
1	6683928
1	1511993
1	605176
1	7992894
1	4049105
1	5481380
1	114164
1	2147858
1	6108209
1	5286092
1	5300953
1	5221537
1	3123126
1	5589378
1	8572808
1	6394767
1	7875059
1	4554690
1	8643758
1	204577
1	7930888
1	339267
1	8040466
1	2170404
1	2324710
1	3411239
1	5047269
1	1005277
1	7314856
1	5727137
1	8126675
1	5190690
1	2423756
1	3998935
1	2170532
1	7201836
1	525442
1	7442739
1	1052126
1	9075756
1	8270166
1	7816794
1	8102211
1	9002788
1	6487933
1	2442049
1	7138385
1	4334553
1	8984011
1	7225881
1	4130843
1	4425419
1	385838
1	8132667
1	6642201
1	1404386
1	2828487
1	6874521
1	3819832
1	3676345
1	8045640
1	5360032
1	8338069
1	4741850
1	7911722
1	4541038
1	1771331
1	6913236
1	4613974
1	7926499
1	4174149
1	7489958
1	2494913
1	2438566
1	2969977
1	8329349
1	8046032
1	352
1	7730057
1	450405
1	2563388
1	8361521
1	2070849
1	5284642
1	3082582
1	5615640
1	4868373
1	63980
1	5987818
1	2159784
1	1185596
1	895525
1	561148
1	812361
1	7022813
1	7147257
1	6300521
1	2231104
1	6831451
1	6006247
1	3698599
1	8710938
1	9023710
1	5908269
1	5470416
1	2111211
1	6670926
1	2401450
1	4822031
1	5417199
1	6457568
1	5499011
1	3737757
1	1835141
1	8169305
1	6437367
1	7375987
1	4642252
1	4063519
1	176431
1	7498881
1	8888076
1	8144187
1	5822929
1	7230701
1	6381292
1	5765854
1	4739303
1	2846630
1	8548194
1	3267088
1	3450512
1	6710162
1	19929
1	2019045
1	3350946
1	5754834
1	1591066
1	55765
1	8540900
1	3483398
1	4161885
1	7931565
1	5041738
1	4848999
1	5092228
1	5696097
1	387308
1	5747173
1	437918
1	2771151
1	8603722
1	6146537
1	3293510
1	2385920
1	2749100
1	5415374
1	2360333
1	7631477
1	67947
1	467376
1	308442
1	5677679
1	5703654
1	3398660
1	6346978
1	851560
1	2694983
1	2628867
1	8351423
1	7428544
1	3894314
1	2027800
1	3937303
1	8096948
1	906686
1	3256879
1	2087138
1	5696778
1	9088114
1	8185771
1	3651429
1	8622431
1	4325236
1	4427956
1	5369466
1	8124895
1	4360358
1	8035931
1	5562918
1	7562701
1	6308357
1	1155545
1	5960116
1	5107256
1	6497625
1	8573498
1	143520
1	8684106
1	7103259
1	7885618
1	6161207
1	5311396
1	4946045
1	2444046
1	7660103
1	5850026
1	2379844
1	5754285
1	3269771
1	5293368
1	8021786
1	8007674
1	9056197
1	6927412
1	8429765
1	8201000
1	8084183
1	2868535
1	9047914
1	3888497
1	5548231
1	8266375
1	3975753
1	8574883
1	741365
1	8874197
1	7279867
1	5482160
1	7559400
1	1664910
1	250860
1	8981652
1	710652
1	4974233
1	6742411
1	7787479
1	3761966
1	5144237
1	7269843
1	3386531
1	3133670
1	3039290
1	6014131
1	8846246
1	1659999
1	3909667
1	4780363
1	2986982
1	1346534
1	1289485
1	3619111
1	4861650
1	7599939
1	5180347
1	1409205
1	8266064
1	8469796
1	6789644
1	1887592
1	5000805
1	4074697
1	3957725
1	4820051
1	3575004
1	6886739
1	7135178
1	1699566
1	5430336
1	4271655
1	8242181
1	8481372
1	8915704
1	771079
1	3373814
1	1563176
1	7865382
1	3842907
1	966887
1	1292666
1	7777818
1	3615042
1	6107059
1	3508623
1	3669194
1	232294
1	3314631
1	5815898
1	6920859
1	1891779
1	5696471
1	8519514
1	113864
1	3452364
1	3388337
1	8846710
1	8550815
1	7535429
1	6979032
1	4265363
1	2295825
1	6545508
1	4140988
1	3165160
1	6663881
1	262142
1	7455878
1	6206934
1	5707022
1	4228933
1	7470324
1	8612050
1	1824915
1	3973549
1	1652113
1	6146086
1	5024981
1	3127489
1	8593166
1	8727613
1	5971247
1	2649805
1	45575
1	6812841
1	830415
1	1560195
1	5182229
1	3877031
1	3399014
1	1589184
1	6209733
1	7978737
1	2718718
1	5684424
1	1969444
1	3137011
1	3840978
1	2128462
1	228362
1	8256269
1	1340029
1	3272483
1	2942598
1	7262234
1	3942624
1	3773336
1	8050968
1	4095689
1	756338
1	3295805
1	3066089
1	7552871
1	5553463
1	5706263
1	6448175
1	668952
1	4529988
1	1669825
1	2212887
1	5738526
1	5267933
1	1807279
1	7524252
1	7987086
1	5824096
1	1434534
1	896532
1	702092
1	2292979
1	8421182
1	6601828
1	7265639
1	6711883
1	1638111
1	1261877
1	3326186
1	1713874
1	5837648
1	4423803
1	7727574
1	856683
1	3670316
1	2616593
1	3721183
1	4749388
1	6599048
1	4789259
1	7687248
1	5013838
1	7205274
1	6796474
1	6715868
1	1506332
1	7758851
1	2807671
1	2717583
1	1519856
1	252322
1	6600543
1	7101218
1	8096886
1	3231953
1	3447788
1	7098350
1	7112250
1	6285552
1	7868704
1	7310268
1	3192300
1	6738442
1	6207884
1	5933807
1	2645507
1	8684680
1	8712177
1	6809204
1	6594522
1	4694188
1	3674830
1	8346232
1	8093632
1	3885704
1	8296380
1	5061160
1	5933513
1	3522008
1	1421761
1	8481395
1	1551450
1	2916589
1	1048728
1	6608472
1	7916504
1	1028423
1	8921358
1	7826235
1	671573
1	5821873
1	8850682
1	3748468
1	3589456
1	5366063
1	7820314
1	3543055
1	7630948
1	280930
1	4750658
1	2516008
1	8966206
1	2299790
1	8130986
1	8952977
1	67600
1	7415662
1	9026500
1	3226808
1	4187983
1	6119293
1	5729942
1	5591345
1	3918599
1	2396858
1	7889740
1	4420954
1	4870318
1	4606698
1	3773054
1	3411330
1	8283662
1	6554590
1	4654284
1	6276348
1	8121842
1	4714662
1	7709128
1	1738917
1	8604958
1	1308585
1	3642054
1	5780846
1	2538531
1	8543180
1	5612332
1	7685163
1	4133662
1	5598843
1	6565324
1	483634
1	3842688
1	6375650
1	1818394
1	4701805
1	256193
1	3018191
1	8990294
1	7055317
1	6567564
1	7449628
1	1286360
1	6176768
1	7787005
1	5997691
1	6870715
1	4666705
1	1599533
1	5407787
1	6810829
1	415695
1	5096717
1	3078291
1	4353114
1	2278371
1	9035968
1	217172
1	2444677
1	1729246
1	4505865
1	5124940
1	4422607
1	300704
1	8173625
1	2818780
1	6845110
1	1199452
1	4598535
1	520843
1	5832570
1	6902620
1	1909742
1	6778552
1	5538285
1	8510931
1	7943895
1	3891995
1	7366256
1	5121163
1	5729438
1	7431530
1	5571689
1	186608
1	4116212
1	8717680
1	6368261
1	6866220
1	6483525
1	2981310
1	1854763
1	852562
1	2852825
1	9071121
1	8536707
1	8248829
1	1937105
1	4830741
1	8061025
1	409650
1	1931831
1	1509288
1	5338295
1	449727
1	189068
1	4307498
1	7695654
1	2433006
1	7285312
1	7822007
1	8847195
1	6942925
1	1535112
1	3603023
1	3089763
1	6297478
1	3133921
1	6030756
1	6545424
1	5041709
1	4400753
1	8341107
1	1338645
1	3457615
1	6477242
1	7768219
1	8430907
1	3498317
1	8576774
1	4976749
1	8033876
1	4808894
1	682907
1	7472461
1	2198204
1	1188920
1	5245513
1	6481748
1	7812375
1	1975483
1	6779923
1	4850233
1	1249225
1	4097814
1	1066800
1	4128237
1	194249
1	1557777
1	447859
1	6426282
1	2663961
1	8332447
1	1754618
1	2875791
1	7601647
1	3412361
1	3259108
1	4241439
1	1096606
1	2731629
1	5459536
1	7943542
1	2746057
1	7114967
1	4866929
1	1497262
1	7107071
1	2767130
1	4481919
1	8399378
1	643632
1	184293
1	3869315
1	564431
1	4835574
1	8664435
1	6099337
1	1843276
1	7964207
1	2834441
1	415016
1	1842915
1	277637
1	6462065
1	4497624
1	359731
1	5779915
1	3081771
1	8968750
1	1235897
1	6806226
1	5505463
1	6049779
1	1705306
1	3973196
1	6324176
1	7490148
1	2820068
1	7946849
1	6678916
1	2451386
1	6717330
1	3521090
1	1210289
1	7789850
1	68771
1	5079206
1	6951374
1	8846485
1	172014
1	4816908
1	49443
1	243503
1	6565002
1	1878091
1	8961959
1	8664332
1	1174051
1	1600112
1	6141851
1	239778
1	5263730
1	7505449
1	4450994
1	2966491
1	4047130
1	3686724
1	8414177
1	166555
1	1863838
1	3681204
1	7723697
1	5511632
1	7519910
1	3304641
1	8588096
1	6502985
1	18844
1	3142605
1	7637325
1	3686932
1	2434515
1	6301433
1	7037460
1	7203687
1	4472303
1	6516932
1	8355930
1	6489678
1	4049277
1	1349263
1	1722395
1	4265417
1	6625177
1	2757149
1	214181
1	3672012
1	5112927
1	8483379
1	7158192
1	7498782
1	8242111
1	5043715
1	7089379
1	5315069
1	5628150
1	7530306
1	2184522
1	6968662
1	5439378
1	5030189
1	7736574
1	5604285
1	8361504
1	6928473
1	8151982
1	2660156
1	2993926
1	5608677
1	6814962
1	8154740
1	2064208
1	6696250
1	4159447
1	5375274
1	7269288
1	647284
1	3494441
1	1576884
1	4357035
1	800770
1	3234255
1	3256289
1	5069233
1	5799671
1	8898965
1	98446
1	1066410
1	8298237
1	4764809
1	2613001
1	1047168
1	98679
1	8979874
1	135224
1	7083753
1	1073941
1	896147
1	299271
1	7716764
1	3691106
1	4467157
1	3026297
1	8560425
1	2149995
1	4427637
1	5791670
1	629956
1	6699688
1	2103858
1	4234283
1	6883162
1	5019085
1	2467524
1	174869
1	4286435
1	8200670
1	8979539
1	8346740
1	3801812
1	2730579
1	5187624
1	2559235
1	3627304
1	6653786
1	8189109
1	2733646
1	3779798
1	4169560
1	3609755
1	5362240
1	8443847
1	436777
1	5685860
1	2303389
1	1276597
1	4390009
1	1738857
1	1056528
1	1399272
1	6612381
1	2405483
1	2038095
1	4228259
1	8276110
1	386853
1	7366960
1	7375834
1	8727262
1	163639
1	1931992
1	8187234
1	7700089
1	4193912
1	1503012
1	5882064
1	5307299
1	129312
1	1452619
1	3467938
1	2958400
1	8850483
1	148101
1	5089918
1	1225455
1	102580
1	6512107
1	4665078
1	3123682
1	4628345
1	4381752
1	3699601
1	6403157
1	4370773
1	3998924
1	1810431
1	2075216
1	5174671
1	5974166
1	8313812
1	5399819
1	1217360
1	9061993
1	2932871
1	2179385
1	8204877
1	194377
1	8921212
1	8189156
1	5126140
1	6562272
1	2939753
1	256710
1	4267050
1	8435844
1	8944802
1	3933077
1	4632302
1	4608179
1	2774602
1	7724341
1	113623
1	7988928
1	6282865
1	4669828
1	2135747
1	1097737
1	8987225
1	2380495
1	1900121
1	9050293
1	8869624
1	1143424
1	3065654
1	5692572
1	6303409
1	3555028
1	6098141
1	382417
1	1823099
1	6063
1	8292341
1	1239038
1	1857494
1	4309601
1	7663534
1	3192058
1	3795591
1	261114
1	5035060
1	4311323
1	2946413
1	8266385
1	4038723
1	8226619
1	8727496
1	8533514
1	729547
1	174332
1	1975930
1	7258502
1	6004232
1	5707790
1	7042866
1	1970963
1	2672510
1	5679134
1	4812584
1	148515
1	3022057
1	1418831
1	1387906
1	2571767
1	6414730
1	1131457
1	8723275
1	1870191
1	8080827
1	658719
1	6050272
1	8300811
1	960782
1	4733076
1	6827856
1	7213729
1	2779975
1	7523126
1	4536019
1	5054260
1	2449647
1	276120
1	3471409
1	2460529
1	2750485
1	4830540
1	9054466
1	7229409
1	932373
1	3159846
1	8222676
1	7160699
1	4553125
1	5508227
1	2665190
1	4012175
1	8287247
1	935250
1	5214655
1	8429305
1	8142438
1	3644622
1	2185192
1	1028957
1	2514643
1	5350501
1	2595189
1	4095594
1	6544469
1	7157590
1	1193921
1	3699181
1	7040353
1	6953974
1	5695581
1	3877437
1	502147
1	82342
1	5215998
1	7018571
1	461101
1	8033883
1	1891802
1	7116365
1	1754465
1	7550044
1	298563
1	1568212
1	901015
1	3043639
1	6507295
1	7565131
1	5828593
1	1512240
1	5624584
1	425525
1	5878818
1	4566247
1	7081045
1	7384308
1	417815
1	951600
1	1842176
1	1352368
1	1178738
1	7639641
1	8578147
1	6376947
1	8753997
1	7751456
1	6864141
1	1048659
1	748299
1	7812139
1	382375
1	9091001
1	1246485
1	4554893
1	8426317
1	6941125
1	529908
1	7726152
1	6671556
1	3005918
1	1425071
1	8103595
1	2537971
1	713265
1	8579871
1	7877991
1	6050138
1	2318408
1	2745599
1	723970
1	8858456
1	599365
1	858814
1	2019069
1	1897005
1	6700286
1	4908080
1	2647033
1	2254553
1	6463043
1	3928621
1	8073794
1	8486374
1	4972421
1	5953901
1	4157707
1	601534
1	2480168
1	646180
1	1004811
1	5796790
1	8144493
1	3549011
1	4650483
1	6235936
1	8059613
1	3890719
1	3651391
1	3718496
1	6725525
1	3129776
1	5320353
1	4714645
1	2908354
1	6534013
1	3610351
1	7866011
1	954682
1	7730495
1	5808914
1	3907338
1	2244640
1	6773949
1	5932199
1	6527275
1	8556852
1	3775413
1	8269637
1	6789704
1	7269476
1	4246900
1	6566551
1	5821947
1	7299478
1	3469610
1	3776360
1	6207224
1	8055421
1	2199003
1	7764980
1	3548013
1	3591290
1	1396123
1	6789979
1	7746110
1	7987347
1	4980334
1	2000617
1	1910216
1	8306509
1	3623264
1	3308308
1	5578773
1	1885964
1	39821
1	871814
1	6228229
1	4531677
1	2047332
1	42233
1	3655827
1	4271542
1	3143066
1	416767
1	325830
1	5423335
1	5089413
1	3708167
1	1587806
1	8241811
1	4477136
1	2469166
1	5729943
1	8969970
1	803520
1	2944459
1	7119565
1	7127101
1	4449952
1	5652107
1	124192
1	9001839
1	3453489
1	2422166
1	7980660
1	1373886
1	6817801
1	7236514
1	1263264
1	7522306
1	589323
1	2127609
1	4915844
1	4593997
1	7250834
1	1498018
1	3272455
1	7245060
1	7837070
1	6128033
1	3812553
1	8342660
1	514679
1	3183274
1	1700086
1	862540
1	4071596
1	4430693
1	4905284
1	7713227
1	8621579
1	6828790
1	8405099
1	4809583
1	3345666
1	8851447
1	7738084
1	426548
1	5269194
1	3545152
1	6733596
1	489794
1	6164577
1	5344206
1	1189408
1	6995482
1	3889974
1	4749201
1	3133419
1	2884326
1	3501629
1	7365742
1	4572348
1	9059847
1	3201875
1	7395595
1	7514570
1	6762005
1	1676962
1	4064369
1	2165395
1	7825172
1	6172576
1	3875529
1	3846465
1	5578330
1	5979007
1	7983313
1	8422882
1	2566835
1	7526313
1	5197510
1	4398096
1	4794764
1	6466059
1	2976964
1	4494288
1	2815577
1	6506968
1	8575756
1	7680446
1	3544365
1	3284095
1	2993763
1	6663416
1	4100024
1	8760119
1	4378622
1	8097877
1	3102596
1	7306821
1	8962926
1	8162495
1	896405
1	5002298
1	7407980
1	5800916
1	1155127
1	8633106
1	9079508
1	1285043
1	5193177
1	5745305
1	844259
1	3056258
1	2369018
1	8131179
1	9043230
1	2723109
1	1541340
1	3214623
1	634192
1	1834030
1	1375358
1	3994234
1	7491002
1	6592439
1	5739153
1	5970888
1	7228925
1	5906276
1	7142237
1	3389626
1	8674022
1	1407612
1	6970845
1	3626758
1	2718694
1	5708842
1	6650494
1	9019800
1	2567107
1	1148817
1	1230278
1	7333598
1	7196786
1	5729125
1	88597
1	8276396
1	2880777
1	3388451
1	7818990
1	5257571
1	2573729
1	8657928
1	494700
1	1932499
1	2293264
1	8559867
1	2478771
1	1277108
1	8352160
1	8180218
1	436291
1	6151081
1	2126330
1	2365103
1	8232665
1	8941024
1	3362230
1	5237233
1	6809706
1	8143507
1	106129
1	8913102
1	5527968
1	4012303
1	5198373
1	1054855
1	2559019
1	7483107
1	63283
1	7878729
1	8862314
1	4272614
1	591440
1	8962634
1	493986
1	4971817
1	5033500
1	6402055
1	4417347
1	1357536
1	2418269
1	746421
1	2403872
1	2812312
1	4101172
1	6438238
1	1378619
1	1727269
1	7901691
1	2326474
1	4122444
1	7541496
1	5059794
1	965596
1	6918254
1	8853148
1	2260007
1	7481676
1	6296076
1	8242532
1	738305
1	7859182
1	4083421
1	4321299
1	1097699
1	1175193
1	7665296
1	4247160
1	1113003
1	259985
1	2003426
1	8681938
1	3521918
1	4872840
1	8077506
1	3335938
1	6069456
1	7306904
1	4938044
1	6877770
1	2209464
1	299200
1	3189359
1	1741824
1	8117487
1	8534356
1	4506927
1	3534948
1	4002554
1	141855
1	7669718
1	2467535
1	9054879
1	7011093
1	80061
1	8924997
1	461194
1	2452795
1	7210914
1	4078510
1	5546634
1	7124683
1	941030
1	541859
1	3711150
1	6426430
1	7038375
1	1085483
1	8736893
1	2722756
1	6831516
1	7949707
1	8964533
1	1608203
1	8962810
1	9073811
1	4288361
1	5804199
1	2153555
1	5813826
1	5273338
1	6233728
1	221702
1	3520660
1	6038747
1	1777372
1	6446097
1	2458872
1	6750755
1	2126072
1	7513810
1	6210162
1	1679060
1	7323926
1	8338302
1	7537198
1	644387
1	2054359
1	4506700
1	2730253
1	5315783
1	7611534
1	909507
1	1229764
1	4256666
1	1481642
1	7774392
1	260888
1	3473972
1	3253421
1	929353
1	525210
1	127280
1	8355858
1	7818752
1	2866009
1	5969498
1	8053751
1	5584530
1	675552
1	7167667
1	7674375
1	331483
1	3531256
1	6588784
1	8717898
1	7246148
1	5789514
1	6413834
1	3135869
1	9029036
1	1198575
1	2001839
1	2143220
1	8619046
1	3718516
1	6473352
1	1640493
1	7590146
1	5730862
1	4132208
1	3846270
1	4213443
1	3444572
1	5433324
1	191969
1	4138110
1	4630753
1	6352952
1	8103736
1	7904792
1	5616226
1	325132
1	3571161
1	893768
1	3121498
1	5878058
1	4475134
1	617202
1	167815
1	375883
1	2690386
1	5458395
1	568683
1	1943456
1	3206953
1	6039532
1	7794561
1	414914
1	8355872
1	490460
1	5059919
1	240936
1	164512
1	9034570
1	6319569
1	5358705
1	420132
1	286067
1	142884
1	4704406
1	831407
1	5588333
1	4444889
1	2751012
1	441704
1	416859
1	1968180
1	8895611
1	1991561
1	3188573
1	7523618
1	8174665
1	5349962
1	3657164
1	5590632
1	3818408
1	5264798
1	5896989
1	8241114
1	7897867
1	6852022
1	6753040
1	4387027
1	6239494
1	4135452
1	7707250
1	8318790
1	6257665
1	6372835
1	5242215
1	3777709
1	1073469
1	4427124
1	6482757
1	5403437
1	1575439
1	4373638
1	6382602
1	348154
1	1751947
1	196830
1	7508708
1	7144056
1	5720158
1	4163876
1	1348177
1	1970222
1	4015109
1	2397019
1	9085400
1	4228982
1	8573532
1	1673137
1	4225101
1	7955114
1	1282396
1	5536442
1	4733513
1	5101625
1	1086341
1	5484563
1	1887466
1	7368822
1	274527
1	5822064
1	2127272
1	1419985
1	4398319
1	2650089
1	619626
1	8110844
1	4677623
1	3337397
1	6104596
1	6362916
1	4394738
1	8488140
1	4706618
1	97434
1	6164604
1	4921570
1	5492814
1	967004
1	5493681
1	7593411
1	4997989
1	5326304
1	5194654
1	155916
1	2462404
1	7653204
1	5527849
1	7745783
1	2539291
1	807858
1	192042
1	3121975
1	3171633
1	3078727
1	1175988
1	7714080
1	5513164
1	1067725
1	2183499
1	252722
1	4033987
1	8151539
1	6326622
1	4964239
1	523717
1	527298
1	8303397
1	2968982
1	6050955
1	3578029
1	8887898
1	2009342
1	7659923
1	4202772
1	6883516
1	4310225
1	4747968
1	2836358
1	2686467
1	6869881
1	762345
1	6924072
1	5725
1	8371882
1	1149971
1	8719433
1	6879687
1	4972695
1	1603064
1	3829306
1	4038080
1	3718896
1	4588879
1	8935615
1	3413177
1	927138
1	6393214
1	1519813
1	3057799
1	8382081
1	1269606
1	7581018
1	6390819
1	6011530
1	7337413
1	6965819
1	7179257
1	5573942
1	8396459
1	4806914
1	8674574
1	6000313
1	8904365
1	8270532
1	2080936
1	3293675
1	6867337
1	1574771
1	5576499
1	8429022
1	36187
1	1946687
1	4708635
1	429518
1	3474417
1	2157944
1	7473834
1	5362654
1	1215683
1	7092668
1	7956899
1	385997
1	4252384
1	1101973
1	2767826
1	802210
1	7152088
1	7231104
1	6076022
1	2578078
1	7030352
1	3957884
1	3338031
1	4357880
1	8659552
1	5777300
1	8622196
1	4680607
1	5284769
1	4962919
1	2339450
1	3983458
1	6492611
1	770273
1	6103374
1	6765483
1	2135266
1	6807604
1	310196
1	8879274
1	4922471
1	4598106
1	8909882
1	8559346
1	2979457
1	1179720
1	2357188
1	1020198
1	1723065
1	4436077
1	7028864
1	5303713
1	8261472
1	139401
1	3402212
1	5659635
1	4637456
1	292882
1	1499277
1	4574391
1	472939
1	639009
1	1706817
1	7891645
1	8140978
1	2375234
1	722911
1	590712
1	3372226
1	201230
1	504436
1	585066
1	6675545
1	2035415
1	1563770
1	2695809
1	3392081
1	7993713
1	7936170
1	4123902
1	8155117
1	8335093
1	4029881
1	503387
1	5876568
1	8045861
1	4629236
1	5410791
1	2987455
1	8296680
1	8240147
1	3572335
1	2255794
1	8857716
1	4662996
1	6271449
1	9079931
1	1796067
1	5348985
1	7916030
1	6085129
1	4378603
1	4658269
1	8209585
1	6785155
1	8294866
1	3587232
1	4127863
1	6877203
1	7756508
1	4205522
1	8874112
1	6086900
1	6303768
1	660320
1	1667839
1	4602934
1	6075808
1	3876043
1	1212277
1	6697950
1	6793005
1	7159354
1	6043416
1	4777332
1	7933491
1	1211002
1	3800587
1	2391264
1	6475701
1	7265913
1	317740
1	1680795
1	3640066
1	8684949
1	3207966
1	5966959
1	3878758
1	738781
1	2027289
1	5831648
1	7243697
1	2747871
1	4718139
1	5873735
1	3667919
1	7543307
1	2427867
1	7837951
1	7490057
1	3494726
1	5762365
1	2755598
1	8531749
1	5264538
1	6726886
1	7911772
1	6441106
1	3847911
1	321016
1	2276668
1	7642872
1	219168
1	514827
1	6563643
1	2513315
1	4038601
1	6478657
1	1719678
1	3997577
1	7835531
1	3302346
1	6654322
1	6362745
1	8701957
1	512916
1	7176708
1	826565
1	8719581
1	7284283
1	3760231
1	3191203
1	6939638
1	2414362
1	1860016
1	616566
1	355003
1	386595
1	8500176
1	4894057
1	2056863
1	7641797
1	6923315
1	7215034
1	3953572
1	146315
1	3961578
1	56925
1	4537352
1	7002335
1	4245569
1	5505303
1	8306881
1	4224864
1	6246043
1	549100
1	964031
1	4944564
1	1513313
1	8966799
1	5483144
1	5692599
1	2213200
1	7988393
1	7053767
1	488581
1	7315474
1	3239214
1	6568431
1	437306
1	4506883
1	6971806
1	5940408
1	222668
1	966123
1	6495506
1	1547701
1	8653516
1	5034378
1	4366271
1	266912
1	4802350
1	7692347
1	8308858
1	8330589
1	5945691
1	22670
1	435948
1	7901436
1	402690
1	5128896
1	6789127
1	7384895
1	6522132
1	7130309
1	8042840
1	7812069
1	1905548
1	3485450
1	541804
1	4694329
1	6696098
1	4812601
1	7467866
1	7029840
1	5584592
1	2485359
1	1161510
1	6501475
1	7503805
1	677518
1	3417498
1	1919073
1	338435
1	4162733
1	9080570
1	981182
1	7323323
1	5114352
1	5451059
1	6283835
1	4064186
1	8977275
1	6222468
1	7011729
1	6059208
1	8304511
1	1202345
1	743235
1	4544773
1	4563873
1	3756463
1	6402870
1	4229368
1	7388118
1	7034773
1	6960384
1	2742351
1	2836528
1	3383156
1	5068731
1	7504574
1	320281
1	225970
1	5690649
1	5788549
1	371014
1	5124649
1	5731131
1	4909912
1	5692967
1	7796584
1	1616505
1	7874442
1	3253631
1	2865729
1	4055987
1	3584873
1	7348811
1	3511986
1	6636026
1	4046888
1	8639073
1	8147830
1	1261126
1	7388186
1	4156283
1	693842
1	7794697
1	148775
1	727951
1	8406367
1	7673923
1	1883812
1	8715480
1	616535
1	4437207
1	3520473
1	8894228
1	2562804
1	1337903
1	8357590
1	2829552
1	5650264
1	8643726
1	7200029
1	1704855
1	6806635
1	3860804
1	6623426
1	6147092
1	282074
1	2494049
1	7012457
1	7417471
1	2212975
1	8082812
1	6490003
1	7412800
1	2904703
1	2144208
1	8505384
1	540266
1	5927587
1	4563083
1	2944706
1	5188401
1	2260303
1	8117135
1	6012482
1	4378068
1	1910922
1	7787430
1	144810
1	3248
1	6163088
1	6749818
1	5737595
1	2368938
1	6651073
1	2648437
1	5573718
1	1462553
1	8102582
1	5056882
1	1595739
1	7925667
1	5183937
1	8019017
1	3110735
1	7533155
1	5358870
1	6420934
1	7125382
1	8226840
1	51037
1	4962291
1	6271188
1	8225597
1	471636
1	7418325
1	4578985
1	1584413
1	2161914
1	3845024
1	649468
1	3694712
1	1575272
1	2711893
1	8740741
1	3537318
1	4925406
1	6210885
1	363034
1	7726384
1	5298719
1	4664027
1	8137878
1	5702011
1	7981349
1	7609085
1	4118411
1	3090638
1	3445500
1	4591753
1	5484937
1	5940242
1	198551
1	4505246
1	7522711
1	7838425
1	5135050
1	567453
1	6701943
1	5543951
1	2104517
1	4674733
1	7888037
1	497888
1	2441286
1	4692684
1	69026
1	7932668
1	6724084
1	6295527
1	5300481
1	3735633
1	5971341
1	4657771
1	1496828
1	443284
1	6834112
1	1155869
1	7787230
1	5254932
1	6688013
1	2774584
1	4003422
1	5006856
1	7582611
1	8935155
1	1935517
1	5722594
1	5927408
1	7349998
1	1490043
1	5939551
1	7754820
1	1268811
1	8541667
1	6585092
1	8607462
1	2981173
1	8154838
1	2879734
1	857196
1	1261973
1	8324918
1	2546212
1	2197123
1	8658793
1	509083
1	994214
1	1244578
1	3710017
1	5704790
1	6756259
1	8859127
1	5247414
1	6717640
1	8925525
1	5942043
1	960095
1	937261
1	8097200
1	6562377
1	8067420
1	3383080
1	763691
1	1427598
1	7325897
1	3553094
1	2567115
1	1984463
1	7691058
1	1797640
1	4996087
1	6490451
1	1540366
1	387204
1	5958663
1	1640613
1	1591434
1	4562968
1	5563138
1	2358355
1	4321844
1	7883050
1	8107206
1	5640107
1	5902522
1	2207660
1	64521
1	7033967
1	6936730
1	7204309
1	1011563
1	2539870
1	6893643
1	5812497
1	4493577
1	3245583
1	1539307
1	401804
1	6241401
1	61670
1	2257458
1	3542382
1	5131935
1	512915
1	349221
1	7119912
1	481164
1	3461316
1	1884782
1	4884799
1	2864386
1	6640931
1	5479263
1	1302316
1	3458106
1	8179808
1	606573
1	298353
1	7966287
1	8857894
1	2280366
1	6502710
1	8936140
1	5380807
1	7783972
1	4040087
1	4122958
1	6767018
1	8619999
1	3088546
1	1428599
1	2753823
1	752004
1	5468349
1	5116847
1	3695860
1	2316890
1	253765
1	6357155
1	7827245
1	8357192
1	4995541
1	332122
1	4775578
1	6852717
1	5895583
1	1133257
1	582114
1	2777346
1	2263488
1	5040769
1	7143706
1	5495438
1	3093427
1	5569441
1	4860480
1	2276623
1	1717393
1	4708220
1	186000
1	7753475
1	3577316
1	1379383
1	1672529
1	1097402
1	6876570
1	6789737
1	2060096
1	507625
1	4318106
1	3866283
1	3721758
1	4750976
1	2337481
1	3466507
1	5188515
1	825893
1	5790249
1	3093250
1	7556966
1	3231376
1	4077232
1	3492535
1	8034437
1	4204870
1	3265937
1	8984403
1	50572
1	3078825
1	8374011
1	5533613
1	1013508
1	4119444
1	5255772
1	4756395
1	4323196
1	53027
1	8624183
1	4981025
1	2815075
1	3918571
1	719774
1	8177416
1	6809008
1	5919392
1	6478952
1	4170035
1	4424056
1	7204062
1	904291
1	2435280
1	5972000
1	5939004
1	528676
1	1832117
1	3295050
1	4976159
1	4649639
1	1814701
1	3877115
1	784961
1	1513974
1	4971438
1	8331797
1	8749327
1	3393434
1	5391128
1	7697392
1	7210001
1	8531473
1	2337168
1	19532
1	4383167
1	6242794
1	548889
1	6945957
1	8856340
1	670616
1	2874459
1	7568367
1	230618
1	620146
1	5571785
1	8882071
1	7301617
1	5380881
1	3955044
1	7932820
1	5235752
1	2310519
1	6271937
1	5112754
1	5429219
1	3095752
1	6936483
1	1635491
1	2199160
1	4368218
1	4345406
1	6454431
1	1887512
1	1172573
1	4208952
1	3347941
1	4856449
1	8175885
1	4183094
1	8636725
1	4354952
1	7884144
1	8634694
1	6136808
1	3390520
1	8303562
1	6247764
1	6430915
1	1559270
1	8130485
1	5506007
1	7419721
1	1170427
1	6623605
1	2625655
1	1584251
1	2707711
1	6737615
1	8160571
1	5958055
1	1493472
1	8550938
1	1991199
1	2573571
1	7643745
1	8283963
1	6412852
1	749982
1	4615496
1	8577599
1	5758141
1	8402465
1	3239209
1	6118027
1	5954532
1	789148
1	3574700
1	5592937
1	3544140
1	5726035
1	5851351
1	5035932
1	5521058
1	7873690
1	54326
1	3382099
1	2882868
1	3900191
1	3828370
1	5313716
1	8120128
1	2362583
1	7858316
1	7328341
1	3299035
1	784549
1	3620879
1	3714340
1	4658296
1	4494256
1	1252539
1	9093608
1	7215219
1	8881139
1	5159286
1	7165258
1	6082911
1	4239037
1	8332793
1	7459139
1	514745
1	885242
1	3768355
1	7606523
1	4101200
1	7082909
1	4361525
1	8553844
1	547890
1	8206919
1	2140840
1	3451309
1	2611211
1	6751892
1	2258470
1	4633107
1	3576669
1	1830311
1	7332333
1	7658415
1	6778018
1	1013470
1	6807610
1	1033814
1	787588
1	1088393
1	1846450
1	3833127
1	452904
1	348819
1	3541926
1	5956457
1	372010
1	8324314
1	710572
1	4211383
1	5299448
1	4988868
1	2687798
1	7491429
1	2478633
1	8277594
1	3246144
1	1106174
1	7012968
1	857366
1	4024384
1	6105125
1	8481487
1	5041075
1	4610401
1	8089715
1	738836
1	4578100
1	367238
1	4882267
1	5383475
1	4329085
1	8442711
1	3326474
1	644111
1	3258362
1	2401680
1	3799042
1	462210
1	583867
1	980161
1	2255469
1	4135230
1	2056493
1	865089
1	1298807
1	5386424
1	2155918
1	941825
1	7447546
1	2818911
1	8723598
1	8925299
1	7412660
1	3490542
1	929737
1	234932
1	6484547
1	193431
1	393973
1	7740087
1	8390292
1	7686418
1	7692542
1	6608732
1	835774
1	7745610
1	1234970
1	4969680
1	2998931
1	8914485
1	5228402
1	3107874
1	4533376
1	7118717
1	3412898
1	8240398
1	5037137
1	8247542
1	3115162
1	8118125
1	7929948
1	6957568
1	4085489
1	3967468
1	5275020
1	8643799
1	8250204
1	6431048
1	8753520
1	6835181
1	1117229
1	3913119
1	6083857
1	5881434
1	3739455
1	5174666
1	9076969
1	4141379
1	6222168
1	6528021
1	2924340
1	6792129
1	420217
1	7927364
1	2507168
1	2825537
1	6504922
1	3413260
1	6424797
1	1962096
1	2378242
1	4284277
1	3479726
1	4581741
1	1494749
1	8019045
1	5855206
1	6806689
1	2963387
1	3964653
1	5624363
1	609156
1	326400
1	6235389
1	8305833
1	3012391
1	1685604
1	8297517
1	3624770
1	257304
1	7442607
1	5302117
1	4194742
1	945639
1	8694219
1	2333568
1	7759316
1	8577923
1	4440800
1	3107
1	5939537
1	5850904
1	1347635
1	4508269
1	49841
1	1214668
1	8335754
1	528455
1	7481877
1	1049948
1	6303492
1	8541932
1	4374279
1	1813512
1	6600674
1	9063465
1	287769
1	6246259
1	1638563
1	3514633
1	3171077
1	7528274
1	2633209
1	3925897
1	6093635
1	7628420
1	440781
1	672751
1	578991
1	5002966
1	2293713
1	6308189
1	4427514
1	3598549
1	8986410
1	7872572
1	2162952
1	268653
1	6012619
1	8745137
1	1297376
1	2146674
1	6775802
1	8505223
1	4561010
1	8621977
1	6924411
1	5929163
1	223387
1	253932
1	5818103
1	6875514
1	4987753
1	5189816
1	8440744
1	6495841
1	6977532
1	2148018
1	7773622
1	5560488
1	7482781
1	835614
1	3060735
1	1177641
1	3123200
1	5671749
1	2922221
1	4061725
1	1003168
1	3405224
1	9072834
1	1898007
1	4470031
1	7108789
1	6866100
1	5946694
1	4773311
1	5969526
1	2127805
1	5564960
1	2907226
1	4254860
1	5100928
1	5279564
1	2037373
1	179110
1	3630984
1	6571418
1	8311754
1	922608
1	5600236
1	527110
1	7870017
1	8686105
1	4844819
1	2694738
1	5447890
1	1642767
1	5103375
1	8980961
1	5159295
1	3538502
1	635792
1	7555081
1	1541123
1	2698857
1	19931
1	7909731
1	5765254
1	1316319
1	5668992
1	4125595
1	4878407
1	7084266
1	588880
1	4159550
1	6377630
1	3695184
1	5314478
1	5753460
1	7897001
1	7728736
1	2172697
1	4782064
1	4901779
1	3278126
1	2556308
1	3629384
1	2951122
1	6011286
1	1924115
1	2986015
1	5799501
1	3689897
1	4256209
1	6250400
1	2047258
1	1455458
1	8254045
1	5385414
1	1395671
1	2970129
1	5286474
1	3040638
1	7276440
1	3678357
1	1968175
1	2316993
1	1211932
1	2875558
1	4978485
1	4345789
1	2728169
1	7408636
1	7838454
1	3358251
1	5090693
1	4825116
1	8886410
1	5600659
1	1548479
1	8423311
1	1692736
1	8282933
1	4493844
1	3869559
1	2832202
1	5016203
1	4462287
1	313154
1	5799673
1	6642345
1	6637633
1	4761759
1	4127054
1	6472016
1	7727332
1	6784939
1	6825540
1	7714577
1	5792151
1	6173190
1	4427434
1	8666926
1	67282
1	6711325
1	5794663
1	4049280
1	3240837
1	1493709
1	8738806
1	2605981
1	398317
1	4761882
1	5850828
1	5597665
1	2725773
1	7020206
1	8402590
1	1399441
1	1305931
1	8308659
1	5580195
1	4340
1	8213993
1	8607745
1	2489739
1	6205560
1	5798131
1	1930082
1	476443
1	173289
1	3957628
1	5985304
1	8174281
1	571312
1	3390525
1	4868800
1	752385
1	7522999
1	3337024
1	6334792
1	5785337
1	8918735
1	5425776
1	8869617
1	5829461
1	3578315
1	2011360
1	3184367
1	3248181
1	1175658
1	5693688
1	9002851
1	1605888
1	6074335
1	6488097
1	1678547
1	1300393
1	8585289
1	155051
1	3988731
1	5593105
1	1222647
1	7382323
1	1158886
1	4460132
1	5153379
1	7805435
1	668604
1	5471813
1	527663
1	4870676
1	6311039
1	3181544
1	4994039
1	2530483
1	6679074
1	8951587
1	5359194
1	5244023
1	990526
1	967835
1	6660542
1	6559435
1	8179997
1	2917371
1	1921461
1	3408988
1	2935756
1	5853763
1	2016978
1	8228286
1	2841641
1	789539
1	7180038
1	3928333
1	1566306
1	5800965
1	8597372
1	4482646
1	1696411
1	4908449
1	8715807
1	8522961
1	6466989
1	9071106
1	3561944
1	5337079
1	5275512
1	1475816
1	6155879
1	4842819
1	8983267
1	3215617
1	3399004
1	7549474
1	3058572
1	2474859
1	298800
1	5959893
1	7709604
1	439988
1	7205888
1	4775287
1	6093107
1	6452072
1	5744452
1	483430
1	5692404
1	6580236
1	558991
1	7675073
1	2202487
1	1230764
1	8964367
1	1228511
1	5973840
1	5667632
1	2658099
1	5919093
1	828756
1	1309904
1	3691069
1	8241115
1	8483001
1	2849704
1	1574789
1	6146503
1	823432
1	3172273
1	5197725
1	7265690
1	6206067
1	7889610
1	7737160
1	3192090
1	1450450
1	7111679
1	1122479
1	5738041
1	6978456
1	858205
1	6580551
1	7591926
1	2484268
1	927380
1	8683074
1	2429698
1	7623682
1	8293438
1	7437157
1	3080134
1	5650876
1	1160090
1	2076445
1	7910565
1	3498658
1	8218331
1	6222259
1	4547282
1	2291445
1	435523
1	4287842
1	7867513
1	8232547
1	952970
1	7337879
1	1615913
1	6198763
1	6995392
1	3695412
1	6134360
1	5157457
1	4689289
1	7456059
1	268088
1	90340
1	7324459
1	1930442
1	4612522
1	1472888
1	3377441
1	7048004
1	4877769
1	8152230
1	402263
1	1990173
1	8268460
1	1974637
1	7129510
1	3380035
1	6761520
1	1220221
1	6779964
1	7662557
1	676925
1	4994178
1	1299619
1	6972357
1	5389377
1	6089538
1	2710111
1	6078880
1	6123761
1	1659455
1	204739
1	7978906
1	8863946
1	2134391
1	607874
1	1642338
1	2324631
1	5243554
1	2299344
1	5294908
1	2024264
1	9041106
1	789556
1	5160378
1	7658848
1	5442202
1	7037822
1	6933493
1	3849239
1	8649576
1	7294279
1	91744
1	1391542
1	2568128
1	4521316
1	3758171
1	747928
1	2225154
1	3882443
1	3881320
1	7617152
1	8634921
1	3154843
1	3974191
1	5796430
1	1596404
1	5532008
1	2811471
1	6252007
1	4783477
1	7011675
1	4418353
1	1544887
1	7617799
1	4947956
1	3133629
1	8641830
1	6905835
1	3674233
1	1163647
1	5140493
1	8668943
1	3523188
1	681482
1	4555940
1	7624627
1	5444314
1	436113
1	313566
1	6268549
1	5157347
1	4220180
1	1712613
1	298873
1	3472281
1	1832467
1	2521134
1	2337642
1	6977655
1	1554653
1	2666807
1	1970126
1	3638163
1	6636598
1	1600775
1	4898886
1	2855038
1	4445566
1	2782270
1	8992016
1	2863630
1	2129744
1	3252245
1	3227252
1	5024205
1	8272942
1	7767644
1	3405821
1	5941583
1	3855742
1	6730943
1	60592
1	6321667
1	757488
1	2251672
1	2254587
1	182777
1	567278
1	7765031
1	3891969
1	1636286
1	6567363
1	2834420
1	1549959
1	3980172
1	2228543
1	7497011
1	5019758
1	3194171
1	8156395
1	3241153
1	8033382
1	6731189
1	8894614
1	927770
1	1288947
1	7371744
1	7650544
1	8499045
1	1117549
1	1106170
1	3217956
1	418557
1	4319635
1	2266781
1	6075237
1	2650789
1	8164093
1	4195746
1	8273339
1	424880
1	938736
1	6088339
1	2060355
1	2801493
1	6653204
1	4505422
1	1542354
1	3716960
1	3751314
1	1279913
1	5115017
1	4642041
1	3244243
1	3241255
1	1094851
1	4854398
1	3294405
1	366024
1	7177896
1	1268700
1	4794832
1	3614699
1	1155071
1	8424784
1	5885372
1	4058877
1	6421879
1	628404
1	8514113
1	8305723
1	7882658
1	1195960
1	2698096
1	8703958
1	3879945
1	2303733
1	5302737
1	8392350
1	2897493
1	1086107
1	6752050
1	2754601
1	7306338
1	6637782
1	4834256
1	5594337
1	3742175
1	8886589
1	5262994
1	8911465
1	5513640
1	6753489
1	8252950
1	1689326
1	2584649
1	4658498
1	5347671
1	8862503
1	3307432
1	9064792
1	7597443
1	9018142
1	4308108
1	7839859
1	4626824
1	7764148
1	6782974
1	8959077
1	6563359
1	4746800
1	8180534
1	4955570
1	7706708
1	8211589
1	2695876
1	5683452
1	285531
1	5929261
1	5984165
1	8570051
1	7982928
1	357340
1	5999229
1	261860
1	7900593
1	2550867
1	7018459
1	8283796
1	3440599
1	1949389
1	5321777
1	7647592
1	224911
1	8338350
1	3458890
1	3459480
1	1279309
1	6999936
1	5466170
1	1540535
1	8252902
1	1946670
1	5113536
1	4016585
1	8651348
1	763612
1	5466241
1	4325897
1	3997532
1	8899974
1	6184561
1	2399462
1	3595471
1	3003655
1	8980894
1	2539372
1	2481197
1	6107142
1	1534866
1	1496607
1	5211613
1	8376073
1	4591335
1	1451058
1	6457489
1	8841118
1	8913824
1	7629452
1	8669189
1	1194207
1	8198551
1	4093323
1	7844263
1	4860215
1	5712950
1	8883412
1	7806816
1	7757227
1	5453483
1	2212971
1	2683599
1	3186202
1	3525642
1	7157928
1	8914355
1	2204548
1	2768607
1	632585
1	6528193
1	344331
1	4845616
1	7093018
1	8063041
1	1632391
1	5468367
1	4519875
1	5172562
1	925773
1	7739419
1	5910959
1	6042088
1	7885725
1	4258314
1	3830428
1	5693169
1	5799457
1	7366054
1	5926538
1	1174312
1	1384776
1	2639213
1	8881095
1	4807453
1	8941678
1	1030487
1	4361551
1	7034904
1	5539408
1	4034226
1	6245313
1	3975334
1	1986802
1	6976268
1	7856548
1	2128942
1	5648408
1	8671674
1	7404919
1	8407320
1	4321646
1	2149897
1	2967922
1	1501030
1	1021788
1	6381543
1	2364367
1	4374273
1	2015292
1	7344672
1	8510593
1	8283096
1	6582804
1	5880652
1	1129598
1	365726
1	4447321
1	4133202
1	4966263
1	49006
1	702412
1	6601620
1	2905072
1	7097559
1	2197206
1	5450308
1	8532878
1	697439
1	5225298
1	1939863
1	2505258
1	8358618
1	2361875
1	3632724
1	4356433
1	4445878
1	7205968
1	1973876
1	3098038
1	7661450
1	1136801
1	599099
1	596209
1	7849608
1	2471366
1	8876443
1	4083497
1	4544041
1	4189194
1	4391149
1	3740126
1	7538953
1	6638045
1	3630926
1	8125036
1	3682185
1	3125325
1	5980633
1	2068110
1	298275
1	2003301
1	3867497
1	2561816
1	647024
1	6395581
1	7931776
1	4461749
1	7587028
1	430184
1	7788222
1	8947677
1	2582815
1	8863158
1	3413702
1	1304211
1	3307189
1	1394494
1	6089091
1	2699406
1	867836
1	8199775
1	4269983
1	4461588
1	6155204
1	7686410
1	699543
1	8109792
1	8986143
1	1224691
1	4168420
1	2436810
1	5183538
1	3281845
1	6694763
1	650324
1	1695702
1	5277741
1	8147840
1	6697360
1	2909077
1	8305154
1	2007408
1	1317864
1	3797128
1	7635151
1	4594821
1	4777842
1	2200009
1	4019247
1	1502403
1	4152047
1	6697142
1	1852339
1	3602755
1	8660650
1	5043031
1	4458560
1	1187145
1	3610664
1	4536571
1	981746
1	698615
1	2254889
1	8498422
1	7432697
1	1624247
1	4319241
1	369033
1	7687181
1	6215576
1	4776530
1	1659741
1	8081639
1	4595962
1	7481860
1	243382
1	3755516
1	5125095
1	3487068
1	1124335
1	3749194
1	2129057
1	3206430
1	3479838
1	1300590
1	7867054
1	6055096
1	292020
1	1150181
1	1470338
1	4252905
1	4031169
1	2683006
1	8429469
1	473863
1	8116929
1	603125
1	114976
1	5367107
1	3645672
1	2177541
1	6471096
1	4180548
1	5954041
1	8598475
1	2784827
1	3974740
1	6107546
1	5994861
1	1544264
1	7740629
1	4131474
1	1877113
1	3376766
1	2777194
1	7435778
1	4797508
1	7140570
1	2949636
1	6347121
1	2504048
1	2035728
1	2735400
1	1876687
1	6616224
1	4043980
1	5362267
1	9026790
1	4233173
1	1298889
1	579286
1	4114076
1	245558
1	2153297
1	6270421
1	7367702
1	3238644
1	6934934
1	8849772
1	4411344
1	7003713
1	8210407
1	1657093
1	1053529
1	1023708
1	632112
1	5171484
1	3575108
1	4508668
1	6347355
1	1462556
1	3382530
1	1291906
1	5079085
1	1514938
1	3624319
1	7953660
1	7707617
1	1078572
1	3373315
1	5974150
1	3489162
1	4632270
1	3891440
1	3283354
1	6456245
1	8149812
1	1836345
1	4934308
1	857358
1	5594604
1	8631948
1	4564316
1	7774591
1	5895929
1	3587621
1	665554
1	5701166
1	1375352
1	5558884
1	468230
1	8033630
1	7263727
1	4574455
1	2493873
1	2272610
1	357299
1	5878785
1	4157520
1	549016
1	6584143
1	3477100
1	2189584
1	8886419
1	7132974
1	1326980
1	4359809
1	5546118
1	1432551
1	5932536
1	8342093
1	969485
1	6815412
1	7393900
1	4184408
1	7723906
1	3344150
1	1065242
1	2160682
1	8913814
1	6594951
1	8344985
1	49211
1	8347263
1	5756862
1	6418758
1	7499510
1	4234137
1	3767053
1	8513514
1	1953569
1	1711939
1	8504142
1	1492467
1	4950000
1	5260088
1	6643061
1	7184425
1	7332917
1	3153068
1	3564137
1	8405336
1	6164975
1	723059
1	7965200
1	2876445
1	6246693
1	6241897
1	4038891
1	1133143
1	6581410
1	5780469
1	3555344
1	5212037
1	1532218
1	4939828
1	5363013
1	5022739
1	1670898
1	72029
1	5914038
1	7691974
1	8190803
1	6631393
1	8361042
1	6810095
1	5174732
1	8573281
1	1596773
1	5016057
1	226937
1	4810794
1	2994319
1	1797457
1	4808134
1	6292860
1	3041874
1	5511625
1	240478
1	3660546
1	2071157
1	5554314
1	4058726
1	4749391
1	1582570
1	5343889
1	7432936
1	2556159
1	1518230
1	5436521
1	5817666
1	826205
1	7126135
1	8379846
1	6031257
1	5743656
1	2723539
1	618030
1	4186627
1	3801085
1	2965891
1	8502873
1	5432577
1	5860114
1	7047647
1	7667899
1	7859042
1	3951344
1	3220639
1	1843047
1	6911148
1	1452228
1	3556947
1	3335559
1	226476
1	97991
1	511706
1	4188992
1	3650442
1	8684141
1	4004182
1	8396491
1	135255
1	6695911
1	6747945
1	8003302
1	8523255
1	4695047
1	1547887
1	8548967
1	2917390
1	670423
1	4794770
1	9039989
1	6928506
1	4894759
1	4545969
1	7004925
1	3807222
1	7260105
1	1457786
1	8095389
1	2514832
1	3634113
1	8530152
1	859415
1	1433861
1	6783196
1	7969228
1	4126243
1	7730053
1	5469689
1	4252989
1	1591585
1	3584324
1	2163802
1	6585066
1	1480621
1	3280510
1	1831751
1	7463699
1	2159339
1	637120
1	4065884
1	8520823
1	2033997
1	605759
1	8915808
1	4964670
1	8916004
1	7917321
1	3986378
1	489446
1	4820387
1	656687
1	7172065
1	7943769
1	8442005
1	6676655
1	4749195
1	6417613
1	3480637
1	8019601
1	1660118
1	8428861
1	3252566
1	1937683
1	7467479
1	3314642
1	5933191
1	4553432
1	8846085
1	3094103
1	5086424
1	7826238
1	7490921
1	1490000
1	1200320
1	1431590
1	8609827
1	632518
1	2164697
1	2814592
1	4835301
1	1308887
1	5393529
1	7038676
1	3704729
1	7170253
1	7160323
1	1745577
1	6087815
1	3018076
1	2557925
1	4103472
1	2768145
1	4721135
1	5380145
1	5942691
1	6467872
1	6681014
1	6506488
1	3739562
1	8592077
1	729795
1	6664199
1	4253452
1	992227
1	1731347
1	429066
1	4165474
1	3567790
1	5425770
1	6805330
1	4917503
1	7862610
1	8515918
1	8979679
1	5022503
1	3801451
1	9061467
1	5610465
1	8975327
1	3295098
1	4673603
1	4358520
1	5544435
1	2689166
1	92887
1	6673223
1	540
1	2151605
1	5457413
1	342644
1	6330420
1	7717145
1	1409501
1	4966446
1	2212685
1	8224372
1	6582784
1	6746894
1	970660
1	3629009
1	2488951
1	463038
1	6388593
1	2637709
1	1084097
1	3855712
1	8745500
1	8976679
1	4166495
1	1176875
1	1450562
1	1274057
1	1891201
1	7061163
1	1637989
1	2065276
1	1005423
1	5837390
1	5701129
1	1258660
1	590221
1	4268585
1	5171001
