1	20457852
1	17170917
1	21901745
1	18659931
1	22228151
1	22121287
1	20259745
1	21339218
1	21571809
1	22458167
1	17803682
1	22271281
1	22631857
1	18893950
1	18170748
1	18622928
1	17407179
1	18818190
1	21100066
1	21054338
1	19072705
1	21888909
1	17854628
1	23072095
1	21200906
1	21889339
1	18447836
1	18129561
1	21545010
1	18771640
1	18966507
1	17999464
1	22340668
1	20840126
1	17236299
1	22579637
1	20466723
1	19153119
1	22064701
1	21206403
1	19660417
1	17979964
1	17888245
1	22182090
1	20872253
1	18654056
1	22135458
1	19276894
1	20710011
1	21257971
1	18866728
1	20084632
1	21954793
1	21855523
1	21654886
1	21877081
1	18653404
1	22715698
1	21581652
1	22868363
1	17304215
1	22456263
1	22600879
1	22713131
1	22661108
1	17881182
1	21601136
1	19634762
1	17852069
1	21973319
1	18350441
1	22540310
1	17290343
1	23012876
1	20032592
1	21087991
1	18286496
1	20473779
1	18249751
1	19207327
1	20399693
1	23032718
1	18691381
1	23186956
1	19270788
1	18400761
1	17794398
1	23006640
1	18097719
1	22401709
1	22746323
1	18282993
1	18657319
1	21186261
1	17317162
1	18106435
1	16788539
1	21505128
1	23003563
1	22336450
1	20255677
1	22470203
1	21499385
1	21512965
1	18477333
1	23172995
1	21183230
1	22769654
1	22484042
1	19991685
1	18052597
1	23042345
1	18080766
1	16917061
1	16934838
1	23050701
1	21956162
1	21676871
1	20849983
1	21150264
1	18563761
1	19543623
1	19639566
1	16805774
1	21071316
1	17162313
1	18982317
1	23050718
1	19535796
1	21059275
1	22786626
1	19870932
1	23219422
1	22586479
1	17978546
1	17855631
1	19070141
1	18062047
1	22253738
1	21536967
1	17469227
1	22568704
1	17893999
1	16841446
1	22715989
1	22571977
1	20520166
1	18710426
1	17229896
1	22030572
1	19594784
1	18099934
1	19318067
1	21657439
1	17381514
1	18957301
1	17845506
1	21534402
1	16941857
1	20609741
1	21069531
1	18780817
1	20391875
1	17565335
1	18282867
1	17961328
1	18442624
1	22272849
1	22131913
1	21186518
1	21123595
1	22448131
1	16837517
1	19486187
1	20410177
1	23037802
1	16793168
1	23075387
1	22386881
1	18677228
1	17275275
1	18112167
1	17970390
1	22174695
1	21042283
1	16919630
1	19595365
1	20472441
1	18102834
1	21251401
1	20309600
1	23222268
1	18857137
1	18022802
1	17296223
1	17358216
1	21187867
1	17797962
1	22375089
1	23094453
1	20850342
1	21520451
1	18928035
1	21195031
1	19875959
1	18668308
1	21500263
1	20232241
1	20208808
1	20698879
1	16841672
1	22006689
1	21360761
1	22389152
1	18192695
1	17009974
1	18738262
1	19367356
1	21978242
1	18770437
1	22085241
1	19639987
1	22410671
1	21722621
1	22497902
1	21580586
1	18443295
1	21102549
1	23180994
1	19471501
1	19478932
1	19830075
1	22915062
1	23136593
1	18304521
1	22294725
1	19111874
1	17570608
1	19644118
1	23164525
1	17974873
1	18715269
1	17955648
1	18038994
1	19816967
1	17029399
1	18448903
1	17631882
1	22603823
1	22911855
1	22916502
1	21154746
1	17408567
1	18033917
1	18881354
1	19555245
1	16868718
1	18907307
1	17637940
1	17700420
1	21133119
1	21646894
1	17175764
1	22062955
1	18342213
1	17805639
1	17585779
1	19801835
1	23057827
1	22363324
1	16819348
1	19871965
1	21497369
1	22207919
1	22246674
1	21587492
1	18842681
1	17442962
1	21931584
1	21864178
1	18936166
1	21586229
1	21977908
1	20436570
1	23061361
1	22729751
1	21895082
1	19777993
1	19114878
1	18736085
1	17229127
1	17213328
1	18706730
1	18072532
1	16922542
1	22474157
1	20396613
1	21410704
1	22425732
1	18740766
1	21533928
1	22792957
1	18403143
1	22335156
1	20550484
1	16843140
1	18062218
1	16868970
1	21206224
1	18903406
1	23096899
1	18270334
1	18776145
1	19058286
1	18789561
1	21120736
1	23098084
1	21122937
1	18039418
1	19887249
1	22589235
1	19582573
1	21728846
1	19889892
1	22504260
1	23070462
1	19217756
1	22670719
1	22476325
1	22750394
1	17394295
1	21493061
1	17278902
1	17561479
1	21204718
1	18455118
1	17636179
1	21947007
1	19425528
1	21079974
1	19923669
1	22359939
1	21854559
1	21473113
1	20057027
1	17002642
1	17132585
1	17269297
1	17221563
1	19474121
1	20504980
1	19777438
1	17565916
1	22632142
1	22180535
1	16773588
1	18757677
1	20561393
1	22558020
1	20540755
1	20567869
1	22575472
1	20511204
1	20252383
1	21139079
1	17454101
1	20036079
1	19008630
1	22043390
1	22679194
1	17952135
1	17411754
1	22918116
1	18795681
1	18820990
1	17571625
1	22422728
1	21039805
1	16793709
1	17320851
1	20664450
1	22706217
1	19696482
1	20214282
1	19610464
1	20370810
1	22272176
1	23089241
1	21182553
1	16942702
1	16886115
1	20749604
1	20915403
1	20775645
1	16999624
1	19478308
1	22805456
1	19920506
1	19748763
1	20916966
1	17993582
1	17493971
1	19429045
1	17786108
1	20857162
1	20062593
1	19866111
1	18875819
1	18244564
1	23072337
1	17060156
1	18433813
1	17300161
1	21489148
1	20719460
1	18367691
1	22651259
1	20546789
1	22677228
1	21724260
1	20017319
1	16842409
1	18888161
1	21721442
1	19065167
1	21732259
1	22822592
1	18820782
1	20998244
1	19620784
1	23111468
1	22596960
1	22302386
1	23068400
1	20316602
1	20764135
1	19014695
1	18200367
1	17119518
1	18280728
1	18283150
1	19475801
1	20832262
1	21000370
1	16883342
1	18450620
1	18246548
1	18798688
1	20205466
1	22757886
1	21896535
1	22519870
1	17778312
1	21645022
1	21578053
1	18641923
1	20327651
1	20705493
1	23094804
1	21875381
1	20260791
1	21132286
1	19595503
1	17889279
1	22184184
1	17188775
1	19991376
1	22744595
1	18166452
1	21719964
1	22652963
1	18402179
1	17695475
1	20983699
1	21189788
1	19132924
1	17304267
1	19323961
1	20246466
1	20079984
1	17934310
1	19157901
1	20187347
1	18389726
1	17055691
1	23071795
1	17393792
1	21882463
1	19066823
1	18188755
1	18305095
1	17292210
1	23028995
1	19427845
1	18365247
1	18481588
1	22260495
1	17378960
1	19280344
1	22678612
1	21133693
1	22547921
1	16979052
1	22485109
1	20781140
1	17435486
1	21074324
1	18840263
1	18531133
1	23226767
1	21093733
1	23198818
1	18179136
1	18562201
1	18722427
1	20846703
1	20367114
1	20158687
1	21047811
1	22775820
1	19764613
1	18421638
1	19938306
1	22131375
1	18946926
1	19074090
1	21259693
1	19311805
1	18759639
1	17054617
1	17076722
1	18093879
1	19114645
1	21515508
1	22779757
1	21035494
1	17160508
1	21230253
1	21058487
1	22158751
1	22579512
1	17643616
1	19983037
1	17655939
1	22364656
1	23162370
1	18365352
1	22996887
1	19321431
1	21081940
1	18050902
1	21582098
1	22482816
1	19520874
1	17628230
1	21612901
1	17766937
1	19538015
1	16999411
1	19042007
1	16922473
1	20158367
1	19583851
1	20228024
1	19524512
1	23224714
1	20684914
1	21545162
1	17630249
1	22439338
1	17029819
1	17322356
1	17280784
1	19163132
1	18226084
1	17406193
1	21056244
1	19611770
1	20558637
1	21214748
1	16886320
1	23046592
1	17736533
1	18315539
1	18761280
1	22792962
1	17287174
1	16786062
1	20814482
1	17501085
1	19530704
1	16992414
1	21051261
1	23101295
1	21435276
1	23081008
1	18020738
1	21158356
1	22712219
1	22650328
1	21063859
1	20257037
1	19638577
1	19781462
1	17053253
1	16784931
1	22964989
1	21405561
1	17160030
1	21570654
1	19774355
1	20249249
1	18032895
1	17652703
1	21638009
1	21981295
1	20550280
1	22507795
1	19059467
1	16933178
1	18305347
1	17342437
1	19527648
1	17996566
1	22187811
1	16815462
1	19289670
1	22816880
1	22198993
1	18925792
1	18489573
1	19797988
1	18172528
1	17435066
1	21565694
1	19813274
1	19498203
1	17306422
1	23140732
1	21337607
1	18069745
1	19631252
1	16882254
1	23045618
1	23199001
1	20686676
1	16816865
1	23223457
1	19905662
1	22533889
1	21358562
1	23227462
1	21918293
1	17746049
1	20814028
1	22254116
1	20803500
1	21164385
1	17186219
1	22598375
1	17135768
1	18335515
1	20505478
1	17188778
1	18731267
1	17467971
1	21578004
1	22444099
1	22114077
1	21082642
1	21056250
1	17761656
1	20302705
1	20797062
1	23186395
1	21643321
1	18094473
1	16792020
1	17293718
1	16982967
1	17605212
1	22377964
1	22771453
1	18740965
1	17386972
1	20363042
1	18578266
1	18026127
1	20492902
1	17359771
1	21891043
1	18139588
1	18710024
1	21535589
1	22063657
1	21850343
1	21669750
1	17332028
1	21023306
1	18835171
1	19305036
1	22270918
1	23140787
1	23089022
1	22248948
1	19322951
1	20907511
1	17471704
1	20421901
1	20099955
1	20544661
1	18400860
1	21869754
1	17700376
1	20535498
1	17200864
1	16777016
1	19978456
1	21906360
1	20012835
1	20017207
1	20281892
1	20560415
1	22199775
1	19595544
1	20509712
1	20779015
1	23087951
1	16847316
1	20034170
1	22990521
1	21029994
1	21576556
1	20565153
1	18786009
1	18570100
1	21095834
1	19526494
1	18224732
1	22093142
1	20799953
1	18789843
1	17994324
1	18983983
1	16776899
1	20024125
1	20537198
1	22594801
1	21632923
1	18790067
1	19434758
1	17009689
1	21352906
1	22118059
1	19808381
1	21942133
1	21355263
1	22027394
1	19025153
1	16794513
1	17478472
1	22736128
1	19372679
1	22003713
1	20482520
1	21692019
1	18027936
1	17682510
1	22081347
1	16940547
1	22176135
1	17385138
1	19302932
1	21554509
1	22126484
1	23212856
1	18691230
1	17818490
1	21716680
1	23140906
1	17441653
1	22375380
1	17282570
1	20705592
1	21596468
1	17234512
1	18844333
1	22458040
1	18886928
1	21182445
1	18966200
1	19883007
1	20558216
1	16773568
1	21713636
1	22346243
1	19682378
1	20448232
1	20619686
1	19401675
1	17914396
1	16896433
1	22211077
1	21624718
1	21680820
1	19537701
1	17575769
1	18272044
1	19111259
1	23196290
1	19355951
1	19367576
1	17119595
1	17293332
1	18602651
1	17344481
1	20793993
1	22544962
1	22759618
1	16867300
1	19014992
1	19051735
1	20373268
1	22057560
1	22995684
1	22244862
1	22327569
1	17078693
1	18807150
1	20015601
1	22277522
1	17250785
1	22811270
1	16880276
1	20033856
1	17272538
1	20239592
1	17849116
1	19305130
1	18311331
1	22547587
1	16846246
1	21457835
1	19601697
1	17230671
1	21334380
1	20769157
1	22047092
1	22447554
1	20394783
1	21968883
1	18520847
1	22185153
1	18472246
1	18998005
1	22070910
1	20852530
1	17155785
1	20982991
1	21888689
1	18273174
1	17510972
1	21354419
1	18295507
1	19984610
1	18904251
1	20196859
1	22976706
1	21587859
1	23128411
1	20923578
1	20713501
1	16882059
1	19057034
1	17276483
1	22520708
1	20348480
1	20032112
1	17104580
1	22304010
1	21381438
1	17359683
1	21489298
1	17218760
1	19304820
1	20021719
1	19595986
1	22474745
1	22314384
1	23019230
1	20955341
1	22400231
1	19307451
1	17442261
1	18613102
1	17021723
1	18730931
1	17979838
1	17300766
1	19753125
1	19007840
1	22894204
1	19890925
1	16791241
1	18436213
1	21241532
1	19499377
1	20691898
1	17644409
1	20246140
1	17643972
1	21649495
1	20505030
1	19772133
1	20346961
1	22427825
1	22043776
1	22568583
1	20777257
1	19900327
1	18401170
1	19853630
1	17740314
1	22665032
1	21477447
1	19502788
1	21345546
1	23154076
1	20367774
1	19825027
1	20397376
1	16781081
1	18441816
1	17268271
1	21639371
1	21999117
1	21904522
1	18140492
1	20529468
1	22804401
1	19153504
1	20787084
1	22226242
1	23140764
1	19723594
1	18976501
1	21052520
1	21555494
1	16878490
1	21059383
1	18108437
1	22456234
1	16894016
1	18023788
1	20510015
1	16823551
1	23178191
1	17001897
1	21543325
1	21482563
1	20239763
1	20363086
1	19420943
1	18983923
1	17961320
1	20951936
1	21711055
1	20217087
1	18622227
1	17986218
1	17273786
1	22569771
1	20725762
1	18274821
1	21091337
1	22857716
1	22276695
1	18165540
1	17211681
1	22773923
1	23012075
1	17232965
1	16883332
1	18623305
1	17794417
1	20617863
1	16773671
1	17534021
1	20402264
1	16932946
1	20709067
1	21341589
1	22728387
1	22360111
1	22496376
1	19346763
1	17862825
1	22883492
1	18736603
1	22906160
1	22800109
1	22746160
1	17604900
1	21386473
1	20370067
1	17487333
1	17120152
1	22733509
1	18821720
1	22880763
1	16878921
1	20373035
1	20685542
1	16873781
1	20963789
1	17471787
1	20228475
1	17229405
1	17186502
1	21267913
1	19596486
1	19636043
1	17332271
1	17497460
1	22355321
1	21881130
1	19004673
1	22587037
1	18147007
1	22982839
1	17319167
1	17072933
1	17413093
1	22259747
1	23092784
1	22704852
1	20846806
1	22172435
1	19997770
1	19295809
1	17133776
1	20714308
1	21215815
1	19114335
1	22664825
1	20886338
1	21865215
1	20962762
1	18053982
1	16887337
1	21602854
1	17720374
1	16879685
1	19810532
1	19575152
1	22302789
1	22367051
1	23047939
1	22984325
1	19298938
1	19899064
1	22225402
1	17216988
1	19647846
1	21332357
1	21888752
1	21341861
1	21649425
1	22313275
1	18113211
1	22457222
1	21957558
1	22794214
1	20503926
1	18229399
1	18522072
1	21216874
1	21402466
1	16779348
1	19789844
1	17173938
1	22577447
1	18075645
1	17070116
1	20548541
1	22875899
1	20503874
1	18686327
1	20686123
1	18959791
1	19371966
1	18782088
1	21485252
1	16933361
1	17431574
1	22253615
1	17587764
1	16795778
1	18690940
1	19637860
1	20330801
1	17987994
1	19454379
1	21861346
1	17759427
1	16974271
1	19515313
1	21974757
1	19271686
1	17690672
1	22934278
1	21365726
1	22076391
1	17443388
1	17354469
1	17491349
1	23072266
1	19557377
1	17386312
1	20488597
1	21536663
1	21474979
1	21942476
1	18481732
1	18885560
1	22571577
1	21309909
1	19616640
1	20519063
1	19180076
1	19536797
1	18543867
1	18756243
1	20892554
1	22803333
1	20519994
1	23045607
1	21870151
1	18931888
1	21550971
1	20274876
1	20700961
1	21184446
1	19461350
1	22718157
1	22786085
1	19773017
1	20062098
1	18868812
1	21495506
1	22448386
1	20253453
1	21051998
1	20041167
1	22260908
1	18303302
1	20482692
1	22800895
1	19282455
1	21637426
1	22134246
1	19501049
1	17270942
1	18391078
1	22262208
1	18493501
1	19199961
1	23108829
1	18031788
1	20092730
1	20830488
1	22183919
1	22835417
1	17888410
1	20705449
1	17762726
1	17604424
1	22694576
1	20203887
1	17424838
1	19418818
1	16991209
1	17374089
1	22678511
1	19332737
1	22656648
1	16801275
1	23022061
1	18151374
1	17071925
1	19276188
1	17856096
1	19629071
1	22577940
1	17730494
1	21061157
1	20071580
1	22893483
1	17029402
1	19840295
1	18992014
1	17273237
1	19898795
1	17629758
1	18732561
1	21535647
1	22279953
1	21658138
1	16866172
1	22263525
1	20719674
1	18644425
1	22084631
1	18070172
1	17231647
1	20443359
1	21658009
1	21093074
1	17884894
1	22408618
1	21642386
1	19555350
1	21195357
1	18030549
1	21988027
1	22098990
1	16851996
1	19894756
1	18845197
1	17573048
1	21051505
1	17300949
1	20491233
1	21404912
1	18250335
1	18550514
1	21063842
1	20842575
1	18295531
1	21360215
1	17399354
1	21124590
1	16785636
1	17406736
1	19964044
1	21568080
1	18050591
1	20642334
1	17373956
1	22418348
1	19114521
1	20670346
1	20769770
1	21309791
1	18175341
1	21043396
1	22809367
1	22377530
1	19807334
1	17324624
1	21136429
1	22586598
1	20056775
1	22410603
1	21095312
1	21629509
1	18982335
1	18590834
1	22441467
1	19323685
1	22472957
1	19471054
1	17598730
1	20515074
1	20201787
1	17411427
1	22882531
1	18494968
1	21715217
1	17124441
1	17963711
1	21326828
1	22587990
1	17095009
1	18689162
1	19601624
1	23027946
1	17250595
1	19115553
1	17113141
1	21080153
1	22211611
1	21201245
1	20607379
1	17947616
1	18167095
1	23035669
1	17169402
1	19537910
1	22115621
1	21201372
1	21343641
1	19207317
1	19308142
1	18123186
1	19695958
1	22445193
1	21019871
1	18282270
1	20806721
1	21004470
1	19758580
1	17407466
1	22470380
1	20783706
1	22806082
1	21659668
1	21661374
1	19862872
1	23169425
1	22567113
1	17413976
1	16979044
1	16860603
1	22727777
1	17094809
1	18025714
1	16909789
1	16773546
1	22070186
1	19924593
1	22449024
1	17244987
1	18099908
1	20042990
1	21431110
1	18368317
1	18860160
1	20911458
1	22013307
1	17061692
1	21183203
1	16799618
1	20472541
1	18293568
1	18143106
1	19424846
1	22100224
1	18098916
1	23140685
1	17838482
1	20022926
1	19294647
1	21717169
1	18461574
1	22285888
1	22005426
1	18030577
1	19722723
1	21614513
1	22830971
1	20480106
1	20545726
1	21581147
1	22875660
1	18839044
1	20175495
1	16882308
1	22801096
1	19536684
1	21870498
1	18030106
1	17412982
1	22767442
1	23219615
1	21982747
1	22830035
1	17341939
1	20171271
1	21001102
1	22465463
1	19108236
1	19955266
1	17531054
1	18785703
1	18109651
1	21198984
1	19110546
1	17402182
1	18982277
1	20984340
1	17090743
1	21081915
1	17711847
1	22510683
1	20710582
1	19118701
1	18312792
1	20708387
1	16866115
1	23009314
1	18604173
1	21963877
1	20603552
1	21637410
1	23103019
1	22668832
1	22033607
1	19629075
1	19924290
1	17184151
1	19412473
1	22212201
1	17208320
1	17879728
1	22480047
1	20546003
1	18345361
1	20525453
1	23222950
1	18690496
1	22437068
1	17865887
1	22765104
1	18823273
1	18092591
1	20556583
1	19714011
1	19540297
1	22447271
1	17892503
1	17415854
1	21482637
1	17961154
1	22431917
1	20225675
1	22150518
1	21498358
1	21027170
1	18431781
1	21228109
1	20031034
1	18691441
1	22768613
1	21658696
1	21894572
1	20594424
1	17387036
1	21737434
1	20853139
1	21962433
1	22196572
1	17569451
1	17933722
1	18474919
1	17274400
1	18766669
1	23185985
1	20681483
1	19820612
1	22961820
1	17788808
1	16804861
1	17550155
1	21222951
1	17952053
1	22223754
1	18189259
1	18454631
1	17848896
1	17244415
1	22772712
1	17825613
1	20845566
1	20480603
1	22148084
1	17696576
1	21341063
1	17070407
1	19997186
1	17952741
1	21980199
1	19238023
1	17793982
1	17387625
1	17336978
1	17399314
1	21107782
1	18187692
1	18676684
1	22245457
1	21904953
1	17244146
1	21676348
1	22001454
1	17279176
1	21889469
1	22920745
1	16809345
1	19043913
1	20601355
1	22328789
1	18143059
1	17503215
1	19350695
1	18503330
1	18655635
1	17591005
1	20915803
1	22092923
1	16882491
1	18259758
1	17151648
1	19048344
1	22127993
1	19495040
1	21595246
1	21586742
1	19069167
1	18740636
1	20680283
1	20433260
1	18656005
1	18045615
1	20976404
1	18726578
1	16879917
1	18463160
1	17875112
1	22779747
1	20135698
1	19212583
1	20227239
1	22574080
1	17601800
1	18151287
1	19490111
1	18273055
1	22594870
1	23076372
1	22095195
1	21866742
1	18529223
1	18371714
1	17561027
1	22411406
1	18596847
1	22804249
1	19364663
1	20467572
1	18735859
1	19191932
1	18839514
1	23129245
1	18562921
1	22042151
1	16780484
1	22841851
1	22722864
1	18452277
1	20268854
1	18873805
1	17009169
1	22477103
1	23059072
1	21586214
1	19471038
1	19953971
1	19226003
1	19833882
1	19597877
1	18495085
1	21930572
1	22550266
1	18698402
1	21997628
1	20513169
1	21268326
1	22668616
1	21192299
1	21869256
1	18308382
1	17239344
1	21864381
1	17276139
1	22447215
1	18940693
1	18800469
1	22442304
1	19305590
1	20516718
1	17801950
1	20743894
1	21917116
1	21588921
1	18296408
1	19066847
1	17420758
1	20312428
1	18787721
1	18355340
1	18009535
1	20519926
1	20591874
1	16887597
1	19489926
1	21930112
1	19963714
1	21068351
1	19424964
1	17211733
1	19335577
1	18096522
1	20329433
1	19060560
1	19485384
1	21601454
1	20398268
1	20535167
1	22354432
1	18305985
1	22816260
1	19907078
1	21861629
1	23030409
1	21032497
1	19888419
1	16843752
1	22480260
1	21223513
1	22377380
1	20741458
1	22031198
1	19766482
1	19673328
1	18318559
1	18425153
1	21243969
1	18447290
1	22468565
1	21989710
1	22700473
1	21363205
1	20578175
1	19067016
1	23036041
1	17655345
1	17004409
1	17330391
1	18304509
1	21154587
1	22043625
1	17126397
1	19862522
1	21579239
1	22766107
1	21187777
1	21433950
1	20345753
1	17093696
1	20953419
1	18912225
1	17765222
1	17291796
1	23080041
1	18283058
1	20503008
1	22456745
1	21670952
1	19536738
1	22153229
1	18410958
1	21464491
1	17229048
1	17508255
1	17001505
1	21964435
1	21068817
1	16789509
1	18049884
1	22929115
1	22304094
1	17112259
1	22745497
1	20541323
1	20947776
1	19042145
1	18344757
1	19970289
1	21115560
1	22777219
1	17825904
1	20923470
1	20665508
1	18490654
1	17770412
1	22421964
1	21724586
1	21637894
1	20480390
1	16999665
1	22756279
1	21212852
1	18391587
1	18981719
1	17927351
1	17455110
1	22009084
1	17602679
1	18446304
1	20533157
1	23189312
1	18151328
1	21067565
1	22598472
1	18116280
1	18495727
1	22378920
1	21896508
1	19531876
1	21042322
1	20039750
1	18799758
1	21894879
1	21036648
1	23083180
1	17798488
1	20405200
1	18957304
1	17539502
1	16933597
1	22717240
1	18568530
1	17481231
1	21038133
1	20352487
1	22369783
1	23080715
1	17421483
1	18138228
1	21027211
1	19962318
1	20742951
1	22773408
1	19143993
1	21502701
1	19571630
1	17505246
1	22321873
1	21547537
1	17023261
1	17074510
1	23070219
1	18818051
1	18351653
1	18349908
1	19545353
1	21136214
1	21597428
1	18605361
1	20451542
1	23033346
1	20216634
1	19904039
1	22045977
1	17342470
1	20079863
1	20705857
1	21898656
1	22292563
1	18674788
1	20927302
1	22072493
1	17743284
1	22437231
1	18428526
1	22534655
1	19324641
1	18816777
1	21954789
1	18729864
1	19363218
1	21504142
1	19034015
1	18136666
1	20713640
1	19131715
1	18201358
1	18021362
1	19359327
1	20666395
1	18595900
1	18018947
1	18356758
1	20220702
1	21136222
1	22775687
1	22377575
1	21534510
1	22945308
1	19008690
1	22708733
1	17643014
1	19415320
1	17401929
1	18713077
1	17923220
1	20822583
1	18994262
1	17722028
1	19197648
1	21986613
1	20459070
1	18839864
1	22909566
1	18668428
1	20064680
1	18278859
1	17429059
1	18356518
1	17251866
1	18230537
1	16863187
1	22858968
1	17325686
1	19360604
1	17218319
1	17728932
1	20250230
1	21724060
1	18970415
1	22586303
1	22799412
1	18073800
1	19488729
1	21373151
1	21104171
1	19796481
1	17412302
1	22641322
1	17275334
1	22283095
1	17892558
1	18832637
1	19785289
1	21136616
1	22095383
1	21414406
1	18297576
1	22706042
1	22045501
1	16877117
1	21518530
1	22756771
1	22707079
1	20444265
1	19499225
1	20790265
1	17727016
1	17324371
1	18087007
1	22723010
1	17324549
1	19578878
1	19827524
1	16928581
1	22984730
1	19670205
1	21503894
1	22428824
1	19706068
1	18228120
1	17443974
1	18658013
1	18393792
1	22467537
1	20056662
1	17971433
1	19476877
1	17121442
1	21730784
1	19430411
1	20994489
1	19470682
1	18576947
1	20556811
1	19159080
1	22070102
1	22968864
1	20420318
1	18776201
1	22110039
1	20398113
1	16875959
1	17415150
1	19513343
1	20928198
1	21324264
1	20897622
1	17282448
1	19833932
1	19361083
1	22063856
1	17177172
1	17135483
1	19892399
1	19287777
1	17176390
1	21876088
1	19208088
1	21669550
1	23117245
1	18271037
1	18553679
1	18772623
1	17982376
1	21708520
1	20027069
1	18035802
1	18787933
1	19001473
1	16859431
1	22982016
1	22531628
1	19854882
1	17404326
1	16794935
1	20791444
1	21463971
1	18948064
1	20138710
1	19060814
1	19936840
1	19533984
1	17500984
1	18641704
1	21864395
1	22461376
1	23113218
1	17062265
1	18639433
1	20290576
1	20907639
1	20367773
1	22435107
1	21904971
1	17642459
1	18113701
1	17173408
1	16815074
1	17565968
1	19689267
1	20178093
1	18698083
1	19675797
1	21638226
1	18341956
1	22672965
1	19590188
1	18967490
1	22304289
1	22701547
1	17931937
1	21018973
1	17230787
1	19221505
1	21518427
1	21433757
1	17180406
1	19916764
1	21960580
1	18221814
1	18368798
1	23065228
1	17938286
1	22255224
1	21133065
1	16927726
1	18244570
1	17416689
1	16786047
1	17581369
1	19170236
1	18251399
1	18180292
1	19950138
1	17565078
1	19550913
1	19516839
1	17950172
1	21891311
1	18930646
1	17644588
1	22094330
1	21856659
1	22385080
1	19068558
1	23049462
1	20199942
1	20937684
1	19360549
1	21911445
1	22908108
1	23074364
1	18254002
1	17732286
1	17077596
1	19953868
1	18265387
1	21552365
1	18092489
1	23182247
1	21038346
1	19140138
1	21876619
1	18658365
1	22571623
1	17251349
1	22071254
1	18725451
1	19945662
1	21095726
1	21443545
1	17183003
1	18813208
1	22505615
1	21468812
1	20363151
1	22319591
1	18475032
1	19613288
1	22875400
1	22022599
1	21691094
1	19457497
1	21498847
1	17386077
1	21224107
1	18972586
1	21477105
1	20064520
1	19865558
1	23172300
1	18064860
1	18139599
1	21417975
1	22093003
1	19358919
1	19723863
1	17253529
1	17692672
1	22303259
1	18506690
1	19908458
1	16909108
1	21339210
1	19444784
1	21445715
1	17586453
1	20448574
1	22293576
1	21581513
1	19609030
1	17804250
1	17018892
1	23154620
1	22066491
1	21853091
1	21533976
1	20773405
1	18065868
1	19548316
1	20043863
1	16922349
1	22273309
1	18682384
1	17796613
1	23007701
1	21239278
1	16942408
1	20462572
1	18143996
1	17530475
1	21650270
1	19598254
1	17316685
1	17469576
1	20433278
1	20337517
1	21229115
1	21861102
1	22589401
1	21967244
1	17754988
1	17366381
1	22455094
1	21648155
1	23100119
1	21406336
1	20318669
1	18430823
1	20668526
1	22088274
1	18636408
1	19868162
1	19636079
1	22986309
1	17646150
1	17251879
1	20202232
1	20507593
1	19570970
1	16882668
1	17896571
1	21689108
1	18235006
1	20062414
1	21442489
1	23063595
1	23092676
1	19201722
1	21315538
1	22989283
1	17016758
1	23192448
1	17410035
1	22338422
1	22226247
1	23213373
1	18411204
1	17903307
1	22591277
1	21708559
1	20432862
1	19213352
1	22835444
1	21166581
1	18744161
1	19114962
1	18333004
1	22790276
1	21940227
1	23226116
1	17955544
1	22490427
1	21566256
1	17251639
1	19029964
1	20474309
1	22178812
1	19228434
1	22570448
1	21854868
1	22807325
1	17894177
1	19840861
1	18836551
1	19550825
1	22808865
1	22757919
1	21209729
1	17689936
1	19320016
1	18671308
1	18544653
1	21922406
1	18424528
1	20683683
1	20686064
1	23123775
1	17752196
1	22192631
1	17186776
1	19432588
1	22477613
1	21993848
1	22000090
1	19765039
1	18713471
1	19054061
1	17284689
1	17766196
1	18284368
1	17131430
1	19570583
1	21552939
1	19330015
1	19210805
1	17895679
1	22624844
1	22408148
1	19593455
1	22392764
1	20164341
1	18374445
1	20635123
1	19860326
1	19361242
1	17605414
1	18324803
1	18267230
1	19442036
1	21862566
1	19163252
1	18528747
1	17663665
1	18448040
1	16875008
1	23224553
1	21066269
1	21549775
1	20189101
1	17071664
1	21917423
1	19019900
1	18718929
1	22568688
1	20858265
1	21129104
1	20607419
1	22243874
1	20159523
1	22007807
1	18990752
1	20745309
1	20534103
1	22841457
1	16774545
1	17454628
1	22091670
1	18325074
1	20309425
1	21315309
1	16910793
1	22859616
1	22308506
1	21192126
1	18542729
1	20752165
1	18935112
1	20793550
1	22643778
1	17772428
1	20534148
1	17580694
1	21253063
1	21393930
1	17994936
1	19475199
1	16860890
1	22813135
1	19684246
1	21482244
1	20318524
1	19273797
1	17588786
1	21664803
1	17358325
1	16778200
1	17863747
1	17407320
1	18348265
1	17950423
1	17004266
1	21443196
1	18170240
1	17561127
1	20197125
1	23146807
1	18189909
1	17267544
1	17584889
1	20938276
1	17640401
1	21334216
1	22224148
1	16865512
1	19109864
1	19518167
1	17929817
1	22191180
1	21036572
1	21579926
1	17498804
1	20982741
1	22619224
1	23228903
1	17880006
1	20813216
1	22172472
1	22804548
1	16817401
1	18399073
1	21711526
1	20431129
1	20527766
1	16840444
1	18178867
1	17930183
1	22265066
1	22244226
1	22471060
1	19546186
1	22581844
1	21559183
1	18159472
1	17774325
1	23152262
1	22708254
1	21502874
1	22669221
1	21414624
1	21864830
1	18477738
1	22050974
1	17069399
1	22639165
1	16877505
1	20014765
1	17340966
1	22282331
1	23000041
1	18931392
1	22780426
1	21938659
1	17216577
1	21503615
1	21655143
1	17385322
1	19529022
1	22183952
1	17427460
1	21724818
1	17831650
1	18363591
1	18598616
1	21214557
1	18048100
1	21967531
1	22135764
1	17194312
1	20397803
1	17094555
1	21011670
1	19996153
1	18403224
1	22412105
1	21374520
1	20447609
1	18170844
1	22531590
1	22487593
1	20342279
1	17531804
1	18256606
1	23137413
1	22031578
1	18763196
1	18176387
1	21126494
1	20511722
1	17907684
1	18649360
1	18794229
1	20403498
1	18966516
1	18887070
1	23066444
1	19889358
1	17189269
1	22003159
1	21735943
1	19406097
1	17477025
1	21687636
1	22139537
1	18292149
1	22314463
1	21380245
1	19361794
1	20237273
1	18192588
1	19785956
1	21078579
1	20759160
1	22441941
1	19713357
1	17629389
1	17899831
1	18599404
1	20399769
1	20367281
1	20217397
1	22090453
1	19953470
1	18577751
1	20074504
1	22631607
1	22111673
1	23066816
1	17586740
1	17229231
1	20778920
1	19583214
1	20445638
1	18312961
1	18779189
1	21886252
1	17578928
1	21182796
1	17538615
1	18785439
1	20432420
1	17727505
1	18718900
1	21889772
1	21606232
1	19171568
1	19001027
1	22354751
1	18978647
1	21339914
1	23033171
1	22643044
1	17382032
1	18464029
1	17210130
1	19129020
1	23166503
1	21605399
1	22788907
1	20107458
1	22639116
1	18311342
1	20072956
1	18584819
1	22457872
1	22418810
1	19319561
1	17623256
1	22976180
1	19598144
1	22034348
1	17179379
1	22878857
1	17435055
1	22784689
1	21899075
1	20795389
1	17964749
1	20907296
1	19782100
1	17120432
1	17423107
1	21162164
1	19180736
1	19068470
1	22660034
1	17422351
1	23094043
1	17585486
1	19619993
1	16965453
1	18596835
1	22469759
1	19659686
1	20426080
1	23128007
1	19408442
1	22531401
1	18112329
1	22804593
1	22262191
1	21862910
1	20556236
1	19947848
1	18194546
1	18113258
1	17799548
1	23101931
1	18270325
1	18189094
1	18103772
1	22438726
1	19862022
1	18118856
1	21554836
1	17537110
1	22571285
1	17616347
1	18128372
1	21150259
1	17480907
1	17151208
1	22188471
1	22011502
1	19503536
1	18993297
1	20332785
1	18404608
1	22224491
1	22675844
1	22123812
1	18448731
1	21036522
1	20434356
1	19083267
1	19508236
1	22185130
1	22012813
1	16875853
1	18705827
1	19030200
1	18569950
1	22600687
1	22489807
1	23200776
1	22840141
1	18662507
1	19582545
1	17917968
1	16773595
1	22477875
1	22525491
1	18544390
1	18699438
1	18907788
1	17404577
1	16994104
1	22577188
1	18967569
1	22426112
1	18383439
1	22014560
1	18499835
1	20494312
1	19314419
1	22995320
1	17587512
1	17585693
1	23166722
1	23034369
1	19673647
1	23015641
1	18717654
1	21160333
1	20962639
1	17604236
1	22928825
1	17579160
1	19490363
1	16915314
1	22429573
1	22228835
1	17484530
1	19045432
1	17444398
1	21417722
1	18384809
1	16907119
1	16840527
1	22426829
1	19762377
1	21065126
1	21336860
1	19106735
1	20269789
1	22787470
1	21627047
1	18948703
1	19187540
1	22937549
1	18957651
1	20277393
1	18884987
1	22344131
1	19689675
1	22795875
1	19365514
1	18968245
1	18758720
1	18028885
1	18368344
1	17293763
1	18673296
1	17922898
1	21445765
1	18240203
1	17374293
1	19838178
1	19703926
1	22513755
1	22517307
1	18684978
1	16815460
1	19142372
1	17987828
1	19904802
1	20822716
1	17666734
1	21889849
1	22514773
1	20813903
1	17595837
1	18187136
1	22156983
1	19905050
1	17831398
1	17525547
1	17828713
1	18077959
1	20703406
1	19634664
1	18273167
1	20710614
1	18548949
1	16812707
1	21121386
1	20447316
1	17005087
1	17179378
1	19893853
1	18583791
1	23069980
1	19889360
1	22900293
1	18373211
1	22736148
1	20136696
1	21957683
1	18490122
1	18075125
1	18817911
1	21589108
1	23209067
1	20463740
1	19277556
1	21628796
1	16939269
1	21163811
1	20795178
1	19554787
1	21331592
1	22486459
1	16886127
1	18565423
1	16936872
1	18376318
1	19635090
1	18945082
1	18833454
1	19286563
1	22492245
1	18120058
1	22018005
1	21712885
1	22159870
1	16936638
1	17297478
1	19907331
1	17347007
1	17818233
1	21376262
1	20060397
1	20433235
1	21449547
1	20379543
1	20633051
1	22602900
1	18817562
1	22026499
1	18939192
1	20515203
1	22115262
1	19975393
1	17848007
1	22795144
1	18551426
1	22433853
1	20434128
1	18580573
1	21328875
1	20308380
1	18457844
1	18408760
1	22539865
1	19214348
1	21881819
1	18350887
1	18505593
1	22674083
1	19688167
1	21145304
1	19209327
1	23196512
1	19427021
1	22461177
1	19939525
1	19907123
1	21910406
1	22989675
1	19985720
1	17992660
1	19370249
1	18205975
1	21432277
1	20013707
1	20709318
1	18093758
1	22588194
1	16776041
1	23172157
1	21195518
1	20462670
1	17571041
1	19149817
1	17794895
1	18325192
1	17566920
1	20766558
1	19540372
1	17468977
1	22746872
1	22229932
1	17983738
1	22394541
1	19251157
1	19603613
1	17295184
1	22311894
1	17445118
1	17075918
1	22754639
1	21465992
1	19250508
1	21972276
1	21757482
1	17993652
1	17815336
1	17835324
1	20321766
1	18470539
1	16793612
1	20061940
1	19964730
1	19557621
1	21118842
1	19612395
1	16881518
1	18313387
1	19981091
1	17849331
1	21485139
1	21535101
1	19668371
1	17689731
1	22646438
1	17324544
1	18271591
1	21632804
1	21893213
1	21113965
1	19685132
1	22726201
1	18952506
1	20693000
1	21953987
1	18552492
1	20966348
1	21242123
1	19553201
1	20250777
1	20108890
1	22576082
1	21512269
1	23005676
1	18907948
1	20423958
1	17884124
1	18071037
1	18037293
1	17835822
1	22931365
1	18231634
1	21625212
1	19948475
1	22268461
1	23055195
1	20423131
1	17458506
1	18977036
1	21386975
1	20673826
1	19865959
1	16866391
1	19875564
1	18915069
1	22791461
1	23071433
1	17849759
1	20844522
1	17197239
1	18402107
1	22435811
1	20970246
1	18683488
1	21499187
1	20092110
1	19911192
1	22760092
1	19276451
1	17779158
1	21151723
1	21635732
1	21582117
1	21879764
1	17034130
1	19477182
1	23229438
1	22063892
1	21344039
1	21386222
1	19366002
1	22645406
1	21054653
1	17004159
1	17934001
1	20757090
1	17327100
1	17445249
1	20796396
1	17973604
1	18901412
1	20381323
1	22175394
1	20731973
1	19400686
1	18104935
1	17864258
1	21146606
1	16881619
1	20240248
1	19659631
1	17086424
1	17284264
1	21226051
1	18219909
1	20341680
1	21432108
1	21605970
1	22714205
1	19420454
1	17412266
1	21686761
1	21352126
1	21974915
1	22656192
1	17860680
1	21068967
1	19708047
1	17838434
1	17387019
1	20993126
1	19507028
1	19774003
1	21913985
1	21000238
1	17485132
1	22724845
1	20993059
1	18510016
1	19481943
1	18644395
1	19554398
1	22350757
1	23169372
1	21153686
1	19561444
1	20236434
1	20082596
1	22003911
1	22529213
1	23002663
1	19438402
1	22804484
1	21317748
1	19755557
1	18050584
1	18498080
1	17534895
1	18877754
1	22716115
1	18404213
1	17861096
1	17176907
1	20702965
1	19864149
1	22721991
1	21919378
1	20855479
1	21556594
1	19213594
1	21267335
1	18248464
1	18257837
1	16928634
1	22518842
1	22303980
1	20223698
1	17588086
1	20502507
1	22775673
1	21999391
1	22584604
1	18933761
1	19975181
1	18165745
1	17358908
1	18836796
1	22430912
1	23227441
1	17336009
1	17636063
1	21869714
1	21730927
1	19789571
1	22729633
1	19538497
1	23180128
1	18596724
1	22574441
1	20378149
1	17904792
1	19482224
1	22882228
1	18552275
1	21139064
1	18376530
1	21535481
1	22269772
1	17455253
1	19298077
1	22488353
1	19540444
1	16876960
1	21894008
1	22567282
1	17861344
1	17072527
1	21999095
1	16859061
1	22565514
1	20756567
1	22295040
1	17934775
1	22021436
1	22467490
1	22200351
1	18902295
1	21216773
1	19844124
1	20618055
1	21873555
1	17795542
1	21855487
1	20705953
1	22449920
1	17066463
1	22071795
1	18447996
1	20622930
1	21869199
1	18127093
1	23000404
1	21989183
1	21894565
1	21261636
1	22817186
1	17385243
1	19696632
1	22804155
1	22222687
1	21088523
1	17067204
1	18579120
1	23137876
1	20845696
1	20366542
1	17096940
1	17784222
1	20846972
1	21381886
1	17942828
1	17917733
1	22541379
1	18617145
1	22711322
1	21253033
1	21448462
1	22542012
1	18193231
1	19733932
1	22107137
1	20423707
1	17178317
1	17217952
1	17029640
1	17020850
1	22143539
1	18347534
1	23073482
1	21882673
1	17827851
1	17735464
1	17105905
1	19011048
1	17378279
1	17476091
1	22571496
1	22522861
1	23014726
1	19517765
1	22028102
1	19694322
1	17005432
1	18349062
1	20360917
1	18483400
1	18613538
1	22455973
1	19720078
1	19886138
1	22958139
1	17111683
1	22878875
1	16794370
1	19405965
1	19882470
1	19723579
1	22879101
1	17530441
1	22080587
1	18239262
1	19771788
1	16913197
1	21053663
1	21869831
1	17326220
1	19720834
1	17158316
1	22894176
1	19024975
1	22281108
1	19734666
1	19791580
1	19259897
1	18989106
1	21964746
1	18086945
1	20294196
1	17526495
1	16931708
1	16918981
1	16885967
1	19971828
1	16790538
1	22039092
1	22644253
1	17764051
1	21468397
1	20718769
1	19865394
1	18145439
1	17918675
1	22964674
1	21482449
1	21904778
1	22376734
1	17645748
1	20448643
1	19631060
1	18425817
1	23080753
1	18606113
1	18264644
1	18438184
1	18351705
1	22931111
1	19667687
1	22772318
1	18575093
1	21952804
1	22746026
1	19556814
1	18545564
1	22335562
1	23160583
1	22755630
1	20258338
1	16777186
1	20687994
1	20802253
1	17499339
1	19576486
1	22025701
1	21964463
1	22027032
1	20070702
1	21519259
1	17751103
1	17150115
1	22330323
1	22806260
1	17846247
1	19552098
1	18125425
1	19453644
1	17477257
1	22994798
1	17170749
1	19612903
1	20410877
1	17766800
1	17062213
1	19435397
1	22601235
1	19028772
1	19323867
1	18036520
1	19275553
1	21227455
1	22747782
1	19851532
1	22097693
1	22720590
1	22516932
1	19807169
1	19358127
1	19690575
1	19639945
1	18088248
1	20485774
1	18297961
1	17711119
1	22768238
1	19496169
1	17995414
1	18808646
1	20730091
1	21078485
1	17162237
1	22043053
1	18430185
1	23141871
1	18545077
1	22011995
1	19556288
1	18188242
1	19604224
1	20349073
1	20155605
1	22994843
1	17268463
1	21034587
1	17135746
1	23046304
1	21457984
1	19517124
1	19581453
1	19951884
1	20687091
1	19226744
1	21883724
1	21713491
1	17279942
1	21906495
1	18947415
1	22284470
1	19249527
1	18197847
1	19852712
1	22687696
1	19079513
1	20425610
1	18909647
1	22067637
1	18388995
1	16866475
1	21580743
1	18884417
1	21554721
1	20198902
1	20338532
1	22154033
1	17451054
1	17450751
1	19983085
1	20752331
1	20299971
1	18389617
1	17325818
1	23186154
1	20135858
1	19439501
1	23170215
1	20694259
1	19301320
1	17223715
1	20534987
1	21267440
1	19930511
1	20755598
1	19982349
1	22875948
1	20165147
1	22526627
1	22131992
1	20655100
1	18899569
1	22185955
1	19456226
1	18583320
1	18837004
1	18066861
1	18011526
1	21667503
1	21412480
1	22421121
1	21906790
1	18807246
1	21090105
1	22394789
1	22382544
1	22168607
1	22336466
1	18284380
1	18776737
1	18449094
1	17931983
1	21887716
1	21362775
1	19970244
1	18907216
1	18498428
1	18019530
1	18879317
1	22115948
1	20970850
1	20732430
1	18403201
1	16801670
1	19122010
1	19066342
1	19474938
1	19423789
1	22381113
1	21913942
1	19109772
1	18242823
1	20892835
1	17723198
1	17490141
1	21951025
1	22800129
1	21885766
1	21262943
1	18266939
1	22429712
1	21927142
1	19750697
1	17293475
1	23097323
1	22223975
1	17879606
1	18253252
1	17540771
1	20772605
1	17417069
1	18041237
1	22240190
1	19826892
1	22928238
1	19509561
1	20397806
1	18170130
1	19310669
1	20427088
1	18881500
1	21433045
1	19787185
1	21942245
1	17414436
1	21158523
1	18262364
1	21545581
1	21053477
1	17735729
1	17835731
1	17412716
1	20612571
1	20217667
1	19135293
1	17215268
1	20329439
1	21414004
1	22405868
1	21092795
1	20845564
1	19088972
1	22109540
1	23104928
1	22397727
1	19128605
1	16891386
1	16921251
1	17760107
1	18671233
1	22923864
1	19032364
1	19526739
1	19112864
1	22574663
1	19087053
1	22903177
1	22432199
1	23096054
1	23011417
1	20181012
1	21643824
1	21600684
1	18573572
1	20723260
1	23076524
1	20427442
1	22093920
1	21038381
1	21922277
1	19569134
1	17614649
1	19278539
1	17438565
1	21506198
1	18744170
1	22848802
1	21047593
1	22517779
1	19487357
1	17247555
1	17838075
1	20592273
1	21365146
1	22068010
1	17202449
1	20953783
1	23090656
1	22802873
1	17817831
1	16848162
1	22962421
1	22094402
1	18679243
1	22174338
1	19665230
1	16877521
1	17229476
1	17682628
1	19311148
1	19364589
1	18000903
1	20474291
1	20173015
1	17464110
1	21634887
1	21374383
1	20776146
1	17160865
1	16775858
1	17333951
1	17214205
1	20426114
1	17060238
1	18705983
1	21971891
1	17290756
1	17474229
1	20839424
1	18984466
1	18996985
1	18832306
1	20225892
1	18054403
1	20548228
1	22883007
1	17485626
1	17077376
1	19901870
1	18344304
1	21973265
1	23226631
1	19983449
1	18163718
1	20261399
1	18109910
1	19719840
1	20093132
1	17070459
1	18146386
1	17540990
1	18884805
1	17535461
1	19582871
1	21576618
1	18292701
1	22220884
1	20856533
1	22666533
1	22391174
1	18638340
1	21257964
1	20532658
1	21515555
1	18050423
1	19271791
1	21878474
1	22293229
1	18735761
1	17030484
1	22759018
1	23031739
1	17403598
1	21488477
1	21016354
1	21092170
1	17239054
1	17299806
1	19848920
1	18281133
1	22777432
1	17404363
1	19674705
1	21046489
1	21138085
1	18123165
1	17498363
1	20024273
1	17925166
1	22251113
1	17088732
1	18953446
1	19716206
1	23011718
1	17688373
1	21722508
1	19478797
1	22701392
1	22782456
1	19480003
1	22304576
1	22086060
1	18231288
1	22907881
1	22748523
1	20328326
1	19719098
1	17103822
1	20853616
1	22279272
1	17205556
1	19318725
1	17841526
1	22574627
1	22675018
1	21994841
1	22130158
1	22118441
1	18680642
1	17293417
1	22229976
1	19401003
1	17912120
1	19029967
1	23182111
1	21378546
1	21621090
1	22818693
1	17921713
1	20777972
1	17712650
1	20689191
1	18947475
1	22975238
1	17058396
1	21191143
1	22840397
1	19557233
1	23200578
1	23004985
1	18199918
1	17618978
1	20528696
1	22690158
1	21667089
1	19858276
1	18322879
1	19281653
1	20704043
1	22565256
1	18110352
1	21157282
1	22934509
1	22044726
1	19660642
1	18501017
1	21603912
1	16866918
1	18656563
1	20519445
1	17841374
1	18183194
1	22041680
1	21649463
1	17770950
1	17762534
1	21319187
1	21678654
1	17506156
1	18412650
1	22497364
1	20059586
1	16840695
1	18541175
1	20363180
1	23167449
1	21729268
1	18778949
1	18378232
1	21737782
1	22569781
1	17482501
1	20313394
1	18011146
1	21364043
1	20106002
1	22538440
1	17516316
1	17021300
1	23169344
1	22916725
1	18595681
1	20859927
1	23033477
1	22629462
1	21012354
1	18402408
1	18054707
1	22810881
1	21012345
1	19118917
1	18811901
1	18204035
1	22821498
1	18297595
1	21662605
1	22713854
1	20408419
1	21015673
1	18768056
1	21708524
1	17134963
1	21956405
1	17302446
1	16913470
1	23155658
1	22432587
1	22652993
1	17798130
1	21362200
1	23200257
1	19760422
1	18195996
1	22293306
1	19073264
1	17619893
1	21622523
1	23028216
1	22284583
1	21322842
1	16912329
1	18394515
1	23072464
1	18311942
1	22327542
1	20424069
1	23143550
1	20081402
1	20577145
1	22315986
1	21116206
1	22641201
1	18462476
1	18313309
1	17944793
1	17749017
1	21535935
1	21884244
1	19129404
1	19444800
1	21514534
1	21107066
1	22442512
1	18865568
1	20240342
1	17395009
1	19848052
1	22182409
1	19867770
1	23009824
1	17641904
1	22220147
1	21660121
1	22988556
1	23091612
1	22570735
1	22011500
1	19440249
1	18271423
1	22362253
1	20209371
1	17245161
1	17377989
1	20188804
1	20710815
1	22779723
1	23052496
1	21899721
1	22735279
1	16936851
1	17781889
1	22086121
1	18133946
1	22903428
1	17337918
1	18313857
1	19912248
1	23043129
1	19915844
1	21096183
1	20550932
1	17328112
1	21130673
1	20333970
1	16802804
1	23040222
1	22473624
1	17479306
1	18324162
1	21163915
1	18797427
1	22423146
1	21986770
1	21354251
1	18602095
1	19866241
1	17488254
1	20091878
1	22140569
1	17846405
1	17478730
1	22174612
1	20938135
1	20924890
1	17130196
1	23006844
1	22129946
1	17277736
1	20571847
1	17248306
1	18961886
1	17308301
1	19415171
1	19285724
1	20307611
1	17100969
1	17229359
1	18010793
1	17766106
1	20871753
1	18947942
1	16867286
1	20458150
1	17061938
1	16924569
1	20776928
1	17534246
1	17051406
1	17099362
1	22272296
1	21593355
1	16850314
1	18255115
1	20941097
1	16796484
1	19598228
1	21915525
1	22665108
1	17545905
1	20704046
1	21240669
1	17438172
1	20891371
1	19329622
1	20247524
1	22805357
1	18982272
1	17221581
1	17994933
1	21994845
1	21321728
1	18483904
1	18105279
1	22875880
1	21998332
1	19428822
1	21922036
1	22072096
1	19250770
1	18101639
1	19863243
1	18579135
1	21553073
1	19611233
1	21876496
1	21415377
1	16785955
1	19975519
1	19333730
1	16816373
1	16887374
1	23056640
1	21605224
1	22327753
1	16913841
1	19401489
1	22507253
1	20321028
1	22327596
1	22547579
1	22819994
1	20961643
1	20509746
1	18747859
1	18525219
1	19927640
1	19929900
1	21240081
1	19282447
1	22413535
1	20622070
1	22486496
1	20857898
1	19554750
1	22418785
1	18899356
1	21556663
1	17120603
1	18265578
1	21002725
1	22865952
1	21406621
1	20427865
1	21077142
1	22304019
1	16886306
1	20415194
1	18083142
1	16816262
1	23045193
1	22408146
1	22250157
1	22535752
1	16996695
1	17636937
1	19606381
1	18030104
1	18452899
1	20036754
1	18626306
1	19015656
1	17739601
1	18776773
1	22819931
1	19206685
1	21647012
1	22982061
1	22271939
1	17311189
1	17932729
1	19707473
1	22085877
1	17644942
1	17906594
1	22580654
1	20791282
1	17557159
1	20997230
1	20194912
1	23198839
1	18119894
1	17059721
1	20385867
1	17373716
1	22632255
1	21923075
1	20979400
1	22457526
1	21055406
1	20461589
1	21589717
1	19443120
1	22082514
1	21120422
1	21017734
1	18452434
1	17848600
1	22547875
1	18092324
1	17953476
1	22713159
1	21133882
1	17540650
1	19006864
1	23033670
1	21960090
1	17127919
1	22548017
1	17056536
1	19097827
1	22717448
1	18366204
1	20178334
1	22496914
1	19700798
1	20363182
1	21892688
1	17381902
1	18208102
1	21669116
1	17088718
1	18734720
1	19436133
1	22177653
1	18890068
1	19355897
1	17756106
1	21311004
1	19631767
1	19319119
1	17063798
1	18527476
1	17196859
1	17299224
1	17148847
1	21368415
1	18676407
1	17745978
1	17497078
1	16773641
1	17792731
1	19673080
1	22674559
1	21156447
1	20136302
1	19304665
1	19697113
1	17580654
1	21338097
1	19112371
1	16895173
1	19710889
1	22802069
1	17686530
1	22413623
1	16813723
1	20247777
1	22937392
1	18864351
1	21722481
1	16929817
1	21967218
1	20232084
1	19155372
1	17570908
1	18342369
1	22346523
1	22632749
1	19333446
1	20588863
1	20864821
1	17215923
1	22632769
1	18709697
1	17934400
1	21964901
1	16792012
1	18271359
1	18318803
1	22673318
1	20749028
1	21606832
1	19656949
1	22783906
1	18203188
1	17147645
1	20510387
1	19915211
1	19239641
1	22477141
1	18983763
1	22722780
1	18950700
1	18989471
1	19857255
1	19229304
1	21132506
1	19827752
1	21361130
1	20082063
1	20175704
1	21886969
1	22803889
1	16898675
1	21669056
1	19423090
1	20042792
1	18285738
1	17005192
1	17164064
1	21962160
1	20549992
1	17649376
1	17210705
1	18107741
1	17533270
1	17660985
1	22021812
1	17656246
1	17084125
1	22185288
1	22420936
1	21967968
1	20265408
1	20031707
1	22114787
1	19076683
1	22677219
1	20597574
1	16867553
1	21376596
1	18585730
1	16790778
1	17633974
1	20710050
1	18483252
1	19442118
1	18897417
1	22712298
1	19595115
1	21355516
1	19229195
1	19027926
1	17766220
1	17252292
1	18704991
1	18645301
1	20170268
1	18020236
1	22175844
1	17715012
1	20187928
1	18994768
1	20374216
1	17951453
1	21536744
1	21522058
1	17582867
1	17529746
1	21313749
1	20348102
1	18067129
1	18024790
1	16934164
1	22445371
1	22623208
1	23091931
1	17071567
1	21623965
1	16840296
1	17151629
1	18192579
1	22389703
1	19617027
1	18143617
1	19880043
1	20234891
1	20450621
1	22704472
1	21417116
1	22377895
1	17503382
1	18342277
1	18064040
1	20427940
1	18887406
1	19491759
1	22862310
1	17578894
1	19569053
1	19628673
1	17172102
1	19785147
1	21399410
1	19891127
1	20039697
1	23100454
1	22777055
1	22717048
1	19708857
1	17169933
1	21067756
1	17998956
1	16938022
1	18143505
1	19048243
1	20722214
1	21014460
1	19224891
1	21327094
1	21263300
1	19759965
1	17818741
1	20767075
1	19596558
1	19832448
1	20664741
1	16880598
1	19808555
1	22454020
1	22600388
1	22465418
1	19621147
1	17194857
1	18933608
1	21477224
1	17409949
1	18529238
1	20699080
1	19661013
1	20650725
1	18918609
1	22452632
1	21400157
1	17531898
1	21214971
1	18191107
1	18921594
1	22662319
1	18433309
1	21207934
1	19670574
1	20706903
1	20055555
1	16843705
1	20658898
1	19661292
1	23154902
1	20009057
1	20656158
1	17919930
1	17636339
1	21401263
1	22798410
1	18593516
1	19611817
1	18178401
1	19145155
1	21588657
1	21401800
1	18573130
1	18020423
1	18477469
1	23002595
1	18221417
1	22631494
1	23139074
1	18762676
1	21404014
1	18291554
1	22276483
1	21512160
1	21859901
1	18220440
1	17732223
1	20921968
1	22011414
1	20414240
1	20443400
1	19413446
1	22862523
1	19493927
1	18449157
1	19829394
1	18644702
1	22088556
1	21876533
1	20281680
1	17060296
1	21920348
1	19843171
1	21518911
1	23012447
1	23222739
1	16809265
1	22818185
1	21365028
1	21940949
1	17106918
1	16913368
1	18291834
1	18496888
1	20822680
1	20352567
1	18840532
1	22225980
1	22687941
1	22061002
1	22629307
1	17941733
1	18374051
1	19565622
1	17218277
1	22997668
1	20303025
1	21661965
1	18489683
1	22395435
1	17393053
1	23064206
1	22031615
1	17347199
1	19543768
1	18075045
1	17499814
1	21059611
1	21018857
1	17562708
1	18398694
1	23160208
1	19435360
1	22139510
1	22858966
1	18305029
1	19760034
1	19549245
1	21461215
1	19178975
1	19631173
1	17436971
1	23114887
1	18374666
1	17898866
1	17173911
1	17951977
1	22468082
1	21997565
1	20513009
1	20912924
1	20858494
1	20721666
1	22771576
1	22517032
1	22308444
1	17819084
1	22449757
1	20286953
1	17903579
1	20457576
1	17271592
1	21191084
1	18238820
1	18579759
1	19698542
1	18838102
1	21087242
1	18504274
1	21254753
1	18123442
1	18694181
1	21337426
1	21497959
1	22582620
1	18980130
1	21208228
1	18351461
1	17723736
1	21669452
1	20052825
1	19757570
1	20751431
1	17178230
1	20305713
1	20141242
1	18943444
1	22758598
1	22931564
1	23020053
1	18277335
1	19016068
1	17274829
1	21990146
1	20614469
1	22295071
1	17911183
1	20337711
1	20805628
1	20372563
1	22788957
1	20318064
1	18136867
1	20333617
1	21232116
1	21341026
1	21959235
1	16804696
1	17336790
1	18662688
1	17760864
1	21147156
1	18640928
1	17121317
1	19123969
1	22274860
1	22041749
1	17394220
1	20633312
1	17285802
1	17406932
1	20401554
1	22031767
1	18545277
1	17231136
1	22318872
1	22350849
1	18887271
1	17682401
1	21458119
1	17023486
1	21945196
1	16942117
1	19669779
1	20005315
1	21134767
1	17620136
1	22491018
1	21649813
1	18307503
1	17881961
1	18577079
1	19776851
1	17753379
1	19890099
1	22206045
1	22449035
1	17549625
1	19270261
1	22189500
1	22749182
1	19499384
1	18489584
1	19076053
1	21111531
1	21897279
1	22653266
1	22042336
1	21899776
1	18073147
1	17486666
1	20189555
1	18697952
1	18164344
1	22830085
1	19095933
1	18838548
1	17754254
1	17764278
1	20095356
1	20049639
1	22825095
1	20499037
1	19540830
1	17447668
1	18779932
1	20760771
1	17832523
1	21132611
1	20710192
1	17468925
1	17930821
1	21447414
1	18242560
1	20775535
1	19480816
1	18373199
1	21850916
1	22777720
1	19720562
1	22782302
1	16992057
1	20014807
1	20188983
1	22978301
1	19758051
1	22183335
1	22472706
1	17058790
1	16789369
1	19305396
1	19361180
1	17532222
1	21508172
1	19604259
1	16909281
1	20325452
1	20574763
1	22132514
1	17722791
1	18682796
1	19305047
1	17409578
1	21939898
1	17716035
1	18181730
1	20896283
1	20861280
1	23031339
1	21395067
1	18630434
1	19980522
1	19636525
1	19757097
1	17230461
1	17978332
1	19649803
1	17083744
1	20204548
1	22449667
1	19910960
1	22351650
1	20000193
1	22714634
1	20929691
1	17789524
1	19495303
1	20584613
1	22043335
1	18843115
1	18991673
1	20546331
1	16874492
1	22175771
1	22047517
1	19569291
1	21155657
1	18712985
1	17467141
1	17252009
1	23170064
1	19423916
1	18596165
1	22580603
1	17698440
1	17827175
1	19565880
1	18053826
1	18285078
1	21412436
1	18281349
1	17159715
1	23010024
1	18972065
1	19034890
1	20643094
1	17957987
1	18506574
1	17728532
1	20035332
1	22536905
1	20022739
1	17155748
1	18666807
1	18437373
1	17908456
1	18977633
1	21333034
1	21357222
1	22640516
1	17099373
1	17849101
1	19242469
1	21717401
1	19334285
1	21334766
1	18906605
1	21312397
1	19423652
1	19038500
1	17216259
1	19596076
1	18164575
1	20170207
1	20710766
1	17185112
1	20156505
1	18350975
1	21904759
1	17663900
1	21154641
1	21505127
1	18985734
1	18868313
1	20367482
1	21052539
1	18794282
1	18189233
1	18189507
1	19537475
1	22840308
1	21019672
1	19058680
1	19049091
1	21734725
1	17093544
1	21034267
1	19164965
1	22226094
1	21397024
1	20043332
1	23082238
1	21571141
1	23147050
1	21570524
1	17297093
1	20901567
1	17440231
1	22986616
1	17861284
1	22455298
1	18122040
1	22353790
1	20359510
1	18072248
1	19414249
1	21865633
1	17643656
1	19110839
1	19511199
1	17870994
1	22006128
1	18119999
1	18907604
1	17033564
1	22514450
1	22006270
1	20926344
1	23151768
1	21656802
1	18523644
1	18383609
1	19881242
1	18439699
1	18971793
1	19456902
1	20098693
1	19069568
1	17758412
1	18935382
1	17010283
1	20777345
1	17172256
1	16831556
1	19194466
1	21655612
1	20322235
1	19245616
1	23172086
1	18044820
1	21572875
1	18642186
1	22283297
1	17420023
1	21632228
1	21602446
1	22261330
1	23142862
1	18843223
1	20299298
1	22863897
1	19827579
1	21679887
1	21712321
1	19712698
1	22508269
1	22390279
1	17029845
1	21193719
1	18867705
1	20334779
1	23056453
1	22803355
1	20081923
1	17071808
1	20399876
1	19750598
1	22290787
1	17168768
1	20539229
1	22098476
1	16846706
1	17185680
1	21647245
1	18967932
1	17906652
1	22522430
1	18639945
1	22280652
1	22633622
1	18025528
1	20783604
1	20889292
1	17242098
1	20622973
1	21908666
1	18804491
1	17245492
1	21252159
1	22692611
1	18891936
1	18543502
1	17087423
1	17249319
1	21402485
1	17459317
1	19298397
1	17215146
1	17734472
1	18090610
1	22271167
1	21352076
1	17275395
1	16965324
1	22506938
1	16802756
1	21850894
1	20282317
1	20387355
1	18018945
1	16781199
1	19093609
1	22328809
1	19012532
1	21318509
1	19575542
1	18385347
1	18531690
1	20438706
1	19652051
1	22176394
1	17373587
1	16820098
1	22940288
1	21943183
1	21586780
1	18371349
1	21901996
1	21038198
1	18224043
1	18201306
1	19474371
1	22661166
1	22155628
1	22637062
1	19310391
1	21711429
1	19111420
1	21602818
1	22617869
1	20766979
1	23171174
1	19547330
1	21948970
1	21355438
1	18794771
1	19209759
1	22617003
1	17112353
1	21922683
1	22443059
1	19499771
1	17699435
1	21880318
1	16792256
1	17440204
1	19372597
1	21413429
1	17882090
1	20041583
1	18580516
1	17166091
1	19655165
1	19361623
1	22246484
1	18424680
1	22518318
1	23010753
1	21607005
1	17945752
1	19435192
1	21261240
1	18480809
1	16886524
1	20272753
1	19089622
1	22572747
1	22513724
1	19163841
1	17158932
1	20933538
1	22280704
1	18492510
1	23130833
1	17297120
1	18522396
1	17113434
1	19670378
1	16834643
1	23091265
1	21344557
1	22006297
1	17407306
1	22128377
1	17182886
1	20597897
1	19201472
1	17700840
1	20691230
1	21486775
1	20596331
1	17585478
1	21039043
1	18229733
1	22477108
1	18599014
1	17866495
1	17201754
1	22271089
1	17478633
1	19303479
1	20226498
1	22409039
1	17983473
1	17791767
1	22842058
1	22821324
1	21637912
1	21385569
1	18450841
1	17289607
1	18261805
1	21440162
1	23209786
1	16864983
1	22239919
1	18030208
1	21657447
1	22580076
1	21977584
1	17518235
1	21008923
1	19210179
1	23144309
1	21313047
1	20927401
1	22072852
1	17694166
1	22579574
1	21535095
1	22291648
1	22442543
1	19748816
1	18572800
1	20167951
1	22830635
1	19567036
1	17995177
1	19242818
1	17904274
1	22359565
1	16872728
1	21344407
1	16886598
1	20594526
1	17634658
1	23060119
1	16913144
1	18758293
1	22979182
1	19564647
1	22023412
1	20778031
1	19411836
1	21149749
1	21205485
1	18945881
1	20620633
1	21182857
1	23051252
1	16811670
1	19163959
1	19476089
1	19596475
1	19414347
1	17495887
1	20281364
1	22633010
1	20045755
1	22996338
1	22586493
1	19519521
1	16774327
1	20285554
1	18740163
1	21850752
1	22748234
1	19827604
1	22718521
1	17942919
1	22728137
1	21162499
1	18569000
1	21156725
1	21881895
1	21917461
1	23158950
1	17305463
1	17973450
1	19424930
1	18795217
1	19304622
1	19580000
1	18125984
1	17572179
1	19924193
1	17588607
1	20054533
1	18774435
1	20368073
1	17963287
1	18215701
1	21344590
1	20975496
1	16936899
1	22750628
1	20456192
1	16884262
1	19012768
1	22642004
1	17207714
1	20447766
1	17354330
1	17648682
1	19519386
1	19216376
1	20333350
1	20352884
1	22305700
1	22730657
1	19791366
1	18478495
1	18779488
1	18303190
1	20374822
1	21331905
1	17206461
1	17240267
1	18557417
1	22081200
1	21130773
1	19038759
1	21351536
1	22986007
1	17166033
1	17030829
1	18902417
1	17410686
1	21158933
1	18082146
1	22810955
1	21322991
1	21628023
1	17412241
1	23039508
1	17595065
1	22459792
1	21899808
1	17662535
1	21894179
1	18055223
1	20498805
1	17295968
1	18226549
1	18347383
1	20606912
1	18922469
1	19319422
1	22296146
1	22745348
1	18141635
1	18064826
1	21638455
1	18730187
1	19754475
1	21613776
1	20313401
1	22311305
1	19167235
1	18460677
1	20434270
1	21161224
1	22315455
1	22259107
1	22317893
1	21135835
1	17687262
1	19383858
1	18491781
1	17699091
1	21922053
1	17382001
1	22718764
1	17715103
1	19840430
1	16976297
1	19478293
1	20238144
1	21890489
1	18904489
1	19192767
1	18554329
1	21673475
1	20450455
1	20682007
1	17198499
1	23028935
1	19402552
1	17421330
1	17185800
