10002 10002 -0.0416096 0.0384269 -0.026044 0.0787085 -0.0525248 0.0642886 0.11993 -0.0695381 -0.0214588 -0.0318482 -0.0797308 0.0110891 0.0560122 0.154788 -0.060652 0.158387 -0.0777007 0.0297605 -0.0750122 0.0993945
10006 10006 -0.00849317 -0.0125672 -0.0239797 -0.0199501 0.0424817 -0.0903673 0.0592026 -0.0116095 0.0221991 0.00434753 0.0148289 0.0154276 0.0175386 -0.00391369 0.0335083 0.0203544 0.0102965 -0.0164202 -0.0131436 0.00777229
10011 10011 0.118765 0.00244611 -0.0131341 -0.00782842 0.0267978 -0.0356835 0.0256594 0.0194056 -0.0146994 -0.0630628 -0.00666789 -0.037295 0.0253658 0.0079808 -0.0481969 0.0162662 0.0158938 -0.0674443 -0.0929809 -0.0709465
10013 10013 -0.0301729 0.000256001 -0.0424869 0.0235877 0.103057 -0.189372 0.127748 -0.0189859 0.0494155 -0.0643494 0.0242871 0.0661597 -0.384915 0.00870175 -0.196628 -0.0952368 -0.146659 0.0492814 0.0308939 0.0123131
10014 10014 -0.0360287 -0.00263231 -0.0486481 0.0323214 0.1222 -0.226382 0.145918 -0.0114717 0.0609516 -0.0635516 0.0507521 0.0408753 -0.405366 0.00762728 -0.213847 -0.104481 -0.149183 0.0497049 0.00913768 0.0405203
159 159 -0.0359548 0.0452283 -0.0332018 0.0256148 -0.0244206 0.0210344 0.0208865 -0.0504726 -0.000218048 0.0141222 0.00312819 -0.0145253 -0.0111219 -0.00235273 -0.0170678 -0.00685688 -0.027732 0.00282629 -0.0107603 -0.0300157
265 265 -0.0320609 -0.0146235 0.0763118 0.0465284 -0.0359297 0.0336622 0.0492355 0.0295431 -0.00840398 0.0124571 -0.0287462 0.0723491 -0.0151329 -0.0157789 0.00977624 0.0752296 0.00363106 -0.0348801 0.0157606 0.0836584
5151 5151 -0.0330493 0.0314414 0.0102868 0.0492138 -0.0345968 0.066072 0.0727461 -0.00247906 -0.00974503 0.00574118 -0.00604805 -0.0252451 0.00119551 0.0348867 -0.05535 0.0614173 0.00859477 -0.00360663 0.00431768 -0.0398959
5165 5165 -0.0256793 0.0374232 0.00244888 0.0332278 -0.0505168 0.0805493 0.0812976 0.0238749 -0.0111014 0.00267431 0.0306272 0.024348 -0.0411271 0.0307827 -0.0318147 0.0401857 0.0555792 -0.029252 0.00708273 -0.0347924
5768 5768 -0.0345079 0.0378134 0.0288199 0.0564016 -0.0364884 0.0734528 0.0928432 0.0315286 -0.0153484 0.00392658 0.0116626 0.0829733 -0.00631679 -0.0393822 -0.0354029 0.0465915 0.0338714 -0.0366572 -0.0172134 -0.0206484
5772 5772 -0.030538 0.0570978 -0.034281 -0.0284319 -0.0253799 -0.0132436 -0.0480327 -0.0774648 -0.00607433 0.0277108 0.0320996 0.0287604 0.0257363 0.0178682 -0.0328879 -0.0057054 -0.0808017 -0.0359016 0.0407903 0.0197417
5784 5784 -0.0239425 -0.0251762 0.102812 0.0345747 -0.0369629 0.0358899 0.0513832 0.0457882 -0.00521555 0.0475831 -0.0114703 0.0343127 -0.0353827 -0.0185047 -0.00500072 0.0632917 0.0150193 -0.0234533 -0.0155778 0.0423438
5811 5811 -0.0327747 0.0350643 0.000653584 0.0440079 -0.0542318 0.0754308 0.0820843 0.00177688 -0.0159885 0.0082437 -0.00603934 -0.00729986 -0.00165808 0.0446147 -0.0433933 0.0188655 0.0512705 -0.0338865 0.0019185 -0.0593029
6013 6013 0.0318167 -0.0198305 0.250196 0.0398214 0.11946 0.00513962 -0.0352504 -0.0714512 -0.0181505 -0.0150546 0.000827106 -0.0501114 0.0101169 0.0342645 -0.025355 -0.0254617 0.0248236 0.0288877 -0.0698575 0.00926295
6025 6025 0.00364519 -0.00841162 0.199139 0.0315777 0.0871211 0.00671805 -0.0142392 -0.074753 -0.0021103 0.00015399 0.0119353 -0.0188094 0.00218801 0.0278284 0.00472275 -0.00926119 -0.0133553 0.00221951 0.0522121 -0.00465687
6040 6040 -0.0253426 0.0218591 0.0774291 0.0141075 -0.0116809 0.0952889 0.0444598 0.126719 0.0102816 0.00156236 0.0187253 0.326538 -0.0119721 -0.225511 0.0861523 -0.0639237 -0.112766 -0.185824 -0.130239 0.111741
6073 6073 -0.00632692 0.0343289 -0.00723568 -0.0251401 -0.00347507 0.0158474 0.0167138 0.0699593 0.0305806 -0.024671 0.0394209 0.00508878 0.0257003 -0.0223654 0.0163781 0.00851407 -0.0615724 -0.0106843 0.0358198 -0.0725721
6074 6074 -0.0165251 0.0202478 0.0605173 -0.000115304 -0.000780605 0.0239436 0.0160331 0.0545868 0.0322047 -0.00213432 -0.00505117 0.0722911 0.0038922 -0.0104173 0.00127985 -0.016858 -0.0682547 0.052073 0.0101858 0.0564913
6108 6108 -0.0472798 0.0310855 -0.00455328 0.0626019 -0.0302739 0.0316322 0.0895136 -0.0658487 -0.0205056 -0.00555174 -0.0421585 0.00409647 0.0331456 0.0754758 -0.0352581 0.0731917 -0.0537641 0.0239672 -0.049486 0.0426278
6150 6150 -0.0267877 0.0282583 0.0582086 0.00324669 -0.0138661 0.0767864 0.0270897 0.107695 0.00858647 -0.00715061 0.0193363 0.296997 -0.00226162 -0.220776 0.087084 -0.0635975 -0.123966 -0.184207 -0.145133 0.114545
6177 6177 0.0211652 -0.00786188 0.243986 0.0368194 0.11834 0.0152062 -0.0196892 -0.0751699 -0.0114934 0.00170539 0.0235688 -0.0161091 0.0164617 -0.00497886 -0.00347266 -0.0113009 -0.00850202 0.00139622 0.169579 -0.0748268
6180 6180 -0.0105212 0.0564307 -0.00922983 -0.0465799 -0.0319957 0.0180376 0.0155081 0.0637585 0.00816929 -0.00855913 0.0845101 -0.0909127 -0.0403862 0.16117 -0.0227066 -0.0772552 0.0745785 -0.0322721 -0.0585225 0.098058
6184 6184 0.0202223 -0.0105983 0.239304 0.0309614 0.116743 0.0200183 -0.0146244 -0.0633277 0.000338891 0.00150807 0.0318446 -0.00999618 0.0169392 0.00210759 0.00598643 -0.0155596 -0.0163597 0.000798073 0.132418 -0.0590962
6188 6188 -0.00903748 0.0607275 0.0239058 -0.0713548 -0.0065713 0.029943 0.00168107 0.145909 0.0227045 -0.0381311 0.0749774 0.0434581 0.0438432 -0.0247525 0.0374355 0.0537461 -0.013772 0.192663 0.0941684 -0.151126
6195 6195 -0.0168481 0.0525455 0.031103 -0.0588947 -0.0151638 0.0302697 0.0154359 0.150431 0.02882 -0.0367826 0.0688454 0.0690781 0.0361651 -0.0493818 0.0121565 0.0627124 -0.0194386 0.224893 0.104556 -0.157906
6209 6209 0.0175595 -0.0133142 0.241772 0.0437353 0.108319 0.0107089 -0.043547 -0.0635016 -0.011716 -0.0172245 0.00656992 -0.0341929 0.00275304 0.0245716 -0.0131567 -0.0341277 0.0256306 0.0225475 -0.0572426 0.0111241
6216 6216 0.0326606 -0.0174896 0.256223 0.0346738 0.126847 0.000412409 -0.038811 -0.113529 -0.0120205 -0.0154606 0.00740058 -0.0594075 0.00606309 0.0502738 -0.00329641 -0.0326871 0.0329097 0.0299003 -0.140126 0.02301
6243 6243 -0.00894144 0.0654563 -0.0312993 -0.100527 0.00242235 -0.0355761 -0.0811894 0.029169 0.0243731 -0.0238771 0.0271199 0.0145875 0.0298945 -0.0464582 -0.0488925 -0.0461192 0.0227108 0.11554 -0.0115014 0.130087
6244 6244 0.0210087 -0.0234603 0.240184 0.0271398 0.10167 0.00812073 -0.0234637 -0.0521819 -0.0118443 0.00108751 0.00526148 -0.0213684 -0.00730561 0.0248057 -0.0127699 -0.0111593 -0.00442254 0.00533313 -0.0220754 0.00730107
6898 6898 -0.0287811 0.0430345 -0.0154606 0.0428349 -0.038572 0.0718544 0.0777142 -0.013017 -0.00621677 0.0016023 -0.00468999 -0.044927 5.2463e-05 0.0473211 -0.0183246 0.0638448 0.0238769 0.00208695 -0.0161569 0.00176535
6911 6911 -0.0209842 -0.124578 0.00546712 -0.0804634 -0.00677031 -0.0623346 0.0573153 0.0261702 -0.0222667 0.070343 -0.0737226 -0.0298609 0.00779866 -0.0122 0.0350869 -0.0876631 0.128666 -0.167489 -0.0531154 0.134694
6915 6915 -0.0345963 0.0546494 -0.0155029 0.00346707 -0.0606324 0.0778601 0.0723141 -0.0685921 0.0251976 0.18562 0.106145 -0.336888 -0.0049092 -0.181917 0.189738 -0.0927772 -0.37188 0.0360645 -0.0887124 -0.0161706
6929 6929 0.216234 -0.0227632 -0.046146 0.0436115 -0.0275642 0.00504625 0.00635359 -0.00754569 -0.199017 -0.00557323 0.0272032 0.026632 -0.0187283 -0.00581599 -0.00619497 -0.0316611 -0.0267542 0.00729134 0.0367877 0.0223708
6932 6932 0.0130454 0.0597731 0.0153611 -0.092553 0.0174815 0.00187333 -0.026293 0.22581 0.0214935 -0.111926 0.132646 0.0127255 0.0179719 0.465461 0.208708 -0.144053 -0.16121 -0.183694 0.0624204 -0.0246305
6938 6938 0.0873854 0.0221506 -0.0160979 -0.0588815 0.022757 -0.0429181 -0.0649897 0.0146991 0.0313329 -0.0263592 -0.0144592 -0.0433519 0.0526614 -0.0404698 -0.0939918 0.0450887 -0.0313673 -0.0694 -0.0486803 -0.0249725
6940 6940 -0.0177749 0.063483 -0.010075 -0.0377011 -0.042916 0.0285319 0.0157442 0.00976101 0.00585102 0.0522748 0.0466781 -0.0987791 -0.06559 -0.0218749 -0.027444 -0.0520893 0.106433 -0.00587237 0.00101585 0.0349442
6945 6945 -0.0223307 0.0347773 0.0113938 0.0180073 -0.0441146 0.0525485 0.0628709 -0.00350414 -0.00326548 0.0576467 0.0129977 -0.0251237 -0.0383504 -0.00617468 0.00502806 0.0575577 -0.0113008 -0.0669407 -0.00810613 -0.0240669
6958 6958 -0.0411071 0.0378744 -0.031367 0.0467265 -0.0308149 0.0193802 0.0372919 -0.058895 -0.00566389 -0.00525232 -0.0135019 -0.00148147 0.0018559 0.0404226 0.0442758 0.0144622 -0.0456403 0.0134012 0.0225567 -0.00281083
6961 6961 -0.0472724 -0.0192593 -0.0263013 0.113894 -0.0845332 -0.0955166 -0.0886576 0.0037294 -0.00190789 -0.0463364 0.0497395 -0.0112345 -0.0285156 -0.0170966 0.0372355 0.0626895 -0.0150856 0.00393014 0.0525838 -0.0534898
6963 6963 0.197578 -0.0163283 -0.039911 0.034063 -0.0218945 -0.00116375 0.00619807 0.00899256 -0.172707 -0.00732802 0.018988 0.00482818 -0.00176763 -0.0217496 -0.00105794 -0.0029583 -0.00225252 0.00968963 0.0181744 0.00397177
6979 6979 -0.0314733 0.053716 -0.0337741 -0.0291788 -0.0054634 -0.014739 -0.0707244 -0.0937459 -0.0121653 0.00816991 -0.0194555 0.031346 0.0154649 0.0268844 -0.017209 0.00983398 -0.025533 -0.0188911 0.0721621 -0.0296411
6987 6987 -0.0280961 0.0587349 -0.0284439 -0.0253477 -0.0307952 -0.000235784 -0.0285795 -0.0843339 0.0059363 0.0377757 0.0306808 -0.0338776 0.0463073 0.017724 -0.0347842 -0.0147049 -0.0258664 -0.0519269 0.0611064 0.0711157
7000 7000 -0.018499 0.057658 0.00172715 -0.012503 -0.0377794 0.0646143 0.0239474 0.00249088 0.00467241 0.0458347 0.0259341 -0.0254933 -0.0486214 -0.00633272 -0.0598155 -0.0138418 0.124362 0.000581669 0.0686515 0.00821464
7002 7002 -0.0314905 0.0373321 0.00948362 0.0226857 -0.0467728 0.0678733 0.0719077 0.0430715 0.000924103 0.0370918 0.0115286 -0.00941621 -0.0431557 -0.0390759 -0.0367599 0.00682518 0.0408274 -0.0488538 0.0217303 -0.00465738
7003 7003 -0.0381835 0.0653339 -0.0308 -0.0175536 -0.0356479 -7.00475e-05 -0.0737814 -0.127941 0.0163383 0.00919573 -0.00725115 0.00796532 0.0856763 -0.022279 -0.196838 0.0170748 -0.0927344 -0.20299 0.213464 -0.0375184
7008 7008 -0.0313623 0.0504458 -0.00198758 0.00918861 -0.036058 0.06782 0.0288016 -0.00700677 -0.0140914 0.0570625 0.0129607 -0.075939 -0.00357443 -0.00342685 -0.00812431 -0.0104574 -0.013725 -0.0378107 0.0164557 -0.0237428
7013 7013 -0.00764265 0.055639 0.00201082 -0.0557321 0.00702656 0.00720765 0.00374878 0.110925 0.00895219 -0.0187338 0.0496173 0.0333125 0.024798 -0.0296041 -0.0124606 0.00432167 -0.0148392 0.127444 0.0461662 -0.063024
7025 7025 -0.00192242 0.0567175 -0.0189631 -0.0599393 -0.00193969 -0.0217859 -0.0266585 0.0258604 -0.0111818 -0.0456962 -0.0411746 0.00374987 0.0155643 -0.0411975 -0.0303284 -0.0724085 -0.031953 0.117748 -0.0248276 0.14507
7028 7028 -0.0198491 0.0542087 0.00813752 -0.0227955 -0.03941 0.0313228 0.0483288 0.048136 -0.000249808 0.00560218 0.0279221 -0.036119 -0.00699343 -0.0118388 -0.0350461 0.00660049 0.0975787 0.00628808 0.0741274 -0.032562
7031 7031 -0.0243752 0.0689323 -0.0198285 -0.0323002 -0.029616 0.0423559 0.0144364 0.0182487 0.00768287 0.0640468 0.0787485 -0.0540998 -0.00785256 0.00795753 -0.0116154 -0.0461019 0.0865502 -0.0186893 0.0401062 -0.0230671
7036 7036 -0.0227567 0.0576439 -0.00208243 -0.00804707 -0.0324941 0.0375229 0.0378168 0.0135218 -0.0118423 0.0649214 0.064728 -0.054619 -0.0747576 -0.0322414 -0.0376842 -0.0456106 0.106177 -0.000757582 0.050442 0.0252664
7062 7062 -0.0297049 0.0521367 -0.0178665 0.000155559 -0.0405343 0.0673067 0.0285334 -0.0141307 0.0123296 0.0582546 0.0456952 -0.156059 -0.0425147 -0.0310961 0.0144605 -0.0804111 0.0171561 -0.0307779 0.0157225 0.0337062
7063 7063 -0.0398723 -0.101406 -0.0199458 -0.0601135 -0.0132116 0.0174601 0.0482641 -0.0266186 -0.0118134 -0.00568929 -0.0824888 -0.0057096 0.0422088 -0.00335513 -0.0131664 -0.0991326 0.0633405 -0.054961 0.0214505 0.0330733
7067 7067 -0.000652324 0.0571872 -0.0269752 -0.0962998 0.0296849 -0.0694346 -0.155823 -0.0255614 0.0313562 -0.0157383 -0.0605974 -0.0292565 0.134859 -0.0506941 -0.243587 0.0395311 -0.154473 -0.225803 0.114903 -0.0177967
7071 7071 -0.0398579 0.0364017 -0.0114842 0.0438257 -0.0364367 0.0282408 0.0640537 -0.065434 -0.0161923 -0.0022922 -0.00422046 0.00172313 -0.00242926 0.0305355 0.00735579 0.0163227 -0.0400178 -0.00067362 -0.00561799 -0.0137345
7077 7077 -0.0377315 0.0148741 -0.0653122 0.037762 0.0852268 -0.102825 0.0770253 -0.0445402 0.0107135 -0.00963765 0.00224521 0.0151574 0.043976 -0.00364541 0.105575 0.0570579 0.0302325 0.0105762 0.0928737 0.0360013
7092 7092 -0.0449563 0.0337019 0.00183864 0.061946 -0.0489601 0.0621914 0.0964447 -0.0607423 -0.0419167 -0.0184818 -0.0725862 0.0216552 0.0543553 0.117427 -0.0614615 0.0907638 -0.0376309 0.0357367 -0.0779158 0.0795901
7103 7103 0.00166585 0.0649185 -0.0016398 -0.119291 0.0166276 -0.0419002 -0.0905344 0.0372961 -0.00947495 -0.0384024 2.35124e-05 -0.00582076 0.0831346 0.000584653 -0.0489591 -0.0344502 -0.00164942 0.15151 -0.0376057 0.160688
7106 7106 -0.0108824 0.0673469 -0.016171 -0.0802338 0.00628229 -0.031352 -0.0557993 -0.0175352 -0.00314762 -0.0218501 0.0228879 0.00122091 0.0552505 -0.0169108 -0.0570476 -0.0347295 0.011994 0.100256 0.0615789 0.10442
7125 7125 -0.0229546 0.0597349 -0.015225 -0.0159134 -0.0518782 0.0587692 0.0434625 -0.0235674 0.00511277 0.0657527 0.059241 -0.1153 -0.0392045 -0.0679675 0.0357428 -0.0773531 -0.00586839 -0.0345161 -0.00295091 0.0545673
7126 7126 0.0276196 0.0224647 0.0568495 -0.02508 0.0191904 0.00757509 -0.00407213 0.0542028 0.0320446 -0.00432606 -0.0438448 -0.00726591 -0.00189667 -0.0275426 -0.00750631 0.0149913 -0.0366863 0.0237556 0.0247596 -0.00239358
7127 7127 0.00594382 0.0303594 -0.0045506 -0.0470791 -0.00962303 0.00381584 0.012215 0.0695851 0.0065146 -0.0627252 0.00814993 -0.0292946 0.0373858 0.119287 -0.0510548 0.020819 0.0013499 0.0731513 -0.114094 0.130868
7143 7143 -0.0180247 0.0383455 0.0109614 -0.000502268 -0.0350501 0.0731138 0.0673953 0.0208646 0.00574533 0.0359904 0.0154547 -0.00977814 -0.0495733 -0.00754281 -0.073874 0.029498 0.101245 -0.072364 0.0172337 -0.0448867
7164 7164 -0.0156723 0.0435653 0.0251564 -0.00130034 -0.0170905 0.0325263 0.00677465 0.076188 0.00258798 -0.000808455 0.017856 0.0608843 0.00623316 -0.0372003 0.0110627 0.0601803 0.00588513 0.0214093 0.0168068 -0.0631955
7165 7165 -0.0113955 0.0476319 0.0352476 -0.00620293 -0.0323239 0.0769707 0.0511632 0.0476125 -0.0142459 0.0616002 0.0333296 -0.00679927 -0.0972925 -0.0114711 -0.0480625 0.00956189 0.124027 -0.0496875 0.010983 -0.0573718
7186 7186 0.0329123 0.0435361 0.0112341 -0.0871448 0.0281746 -0.0371209 -0.0248456 0.0950347 -0.000734329 -0.0564568 0.00209536 -0.0531781 0.0643376 0.0134835 -0.0276318 0.0181911 0.00881745 0.0870939 -0.107508 0.0683373
7203 7203 -0.00808387 0.0697291 -0.0118682 -0.110946 0.024372 -0.0319395 -0.087804 -0.0038419 0.0174973 0.0089586 0.022164 -0.00639064 0.0627574 -0.0109599 -0.0489434 -0.0270116 0.0256751 0.13636 -0.0354928 0.14161
7209 7209 0.00880657 0.060134 0.00926388 -0.0842544 0.00617434 0.0122743 -0.0150661 0.219193 0.0162014 -0.0980751 0.140583 0.00637245 -0.00799251 0.473977 0.204237 -0.155168 -0.12655 -0.210319 0.0692323 -0.0277874
7217 7217 -0.0370801 0.0307788 -0.000833665 0.0656906 -0.0394285 0.0437824 0.0608598 -0.0564565 -0.031141 -0.0253148 -0.055859 0.00737082 0.0294687 0.0857086 -0.0244762 0.0616562 -0.0456069 0.0308914 -0.0353359 0.000221242
7218 7218 0.00985262 0.0562975 -0.0250174 -0.0506302 -0.0258323 0.0218022 0.00928924 0.0182518 0.0135908 0.0119943 0.0590083 -0.0902498 -0.0180935 -0.02715 -0.061116 -0.0316498 0.109871 -0.0116583 0.0137289 0.00961896
7244 7244 -0.0139087 0.0433862 0.0172033 0.0161291 -0.0388863 0.0621371 0.0811177 0.0299186 0.0034212 0.0137419 0.0119305 -0.0133855 -0.0433706 -0.012376 -0.0403252 0.0463221 0.125666 -0.0577385 0.0440209 -0.0603446
7255 7255 -0.0231785 0.0638438 -0.0104387 -0.0312394 -0.0363056 0.0438366 0.000912776 0.00779247 -0.00599379 0.0803423 0.0696094 -0.116778 -0.082186 0.0406444 -0.0316275 -0.0775617 0.120943 -0.00171844 0.0134338 0.0743622
7268 7268 -0.00765723 0.0588379 0.0126516 -0.0451657 -0.00793113 0.0262303 0.0171744 0.0965446 0.0127179 0.00788055 0.0510201 0.0175788 -0.0105705 -0.0177659 -0.000414482 0.0494116 0.0473889 0.0904388 0.0732236 -0.0814176
7273 7273 0.00352359 0.0739728 -0.016002 -0.0946173 0.0153316 -0.0309846 -0.0776002 0.0477168 0.0335353 0.00632605 0.00932113 -0.00789808 0.059342 -0.0421516 -0.045738 -0.014903 0.00325966 0.124399 -0.018216 0.0893736
7276 7276 -0.0203408 0.0688569 -0.0141673 -0.023416 -0.039961 0.0474089 0.0215849 0.00932586 0.0144595 0.0568263 0.073592 -0.118601 -0.052563 -0.0225788 -0.0400586 -0.0684453 0.0946754 -0.00776133 0.00954005 0.0805641
7282 7282 -0.0256857 0.0590463 -0.0112145 -0.04522 -0.0397449 0.048851 0.000730421 0.00588732 0.00470651 0.0471665 0.0651814 -0.0802862 -0.045838 0.0252157 -0.00306731 -0.0478116 0.071117 -0.0208969 0.00160411 0.0902571
7287 7287 -0.0105261 0.0439493 0.025386 -0.0253067 -0.0387612 0.0619225 0.0264649 0.0665002 -0.00246552 0.0116454 0.0368697 -0.00289102 -0.085882 -0.0724421 -0.0418394 0.0570379 0.163518 0.00155856 0.0884326 -0.101138
7288 7288 -0.0157962 0.0399128 0.0210787 -0.0434541 -0.0251047 0.0325388 0.0258657 0.0829978 0.00744736 0.00643678 -0.00942278 0.0166312 -0.0312261 -0.00335055 -0.0298431 0.0788712 0.0466112 0.0634439 0.040521 -0.0704507
7296 7296 -0.00590011 0.0655331 -0.00338487 -0.104566 0.00628883 -0.0300433 -0.0872793 0.0103249 0.00105201 -0.0266203 0.020322 0.0176447 0.0458137 -0.0353437 -0.0487046 -0.0150334 0.00984545 0.106885 -0.0430885 0.104299
7298 7298 -0.0242715 0.0681587 -0.0297256 -0.0621054 -0.0200714 -0.0133673 -0.141819 -0.126205 0.0224274 0.0136761 -0.026964 -0.00602548 0.113989 -0.051156 -0.258 0.0264461 -0.144494 -0.276455 0.202017 -0.0429245
7316 7316 -0.0269905 0.0365133 0.0223356 0.0293679 -0.0513422 0.0692606 0.0535614 0.0148472 -0.0110011 0.0266421 0.0364445 -0.0293029 -0.031983 -0.0286237 -0.0129052 0.0333775 -0.00677671 -0.00837325 0.0259636 0.0129747
7323 7323 0.12476 -0.00544413 -0.0139811 -0.0170231 0.022501 -0.0276772 0.0169855 0.0219618 0.0241214 -0.0727446 -0.0144084 -0.0619306 0.0392241 -0.00738718 -0.0205598 0.0253552 0.0209389 -0.0407389 -0.103675 -0.0660642
7333 7333 0.0100084 0.018091 0.0248043 -0.0935659 0.00533406 -0.0477413 -0.0649031 0.0751495 -0.0305878 0.0521498 -0.23394 -0.060848 -0.0892713 0.00794811 0.0561024 0.0963774 -0.0540076 -0.00321636 0.000297183 0.00912138
7346 7346 -0.00810514 0.0508117 0.0166795 -0.0452227 0.0055386 0.0151995 0.0152883 0.121455 0.0353349 -0.0416573 0.0683383 0.0544632 0.0281584 0.00121465 -0.0193602 -0.00940511 0.012844 0.124701 0.0765604 -0.0415475
7347 7347 0.0423442 0.0405193 -0.0114834 -0.095216 0.0260542 -0.0644149 -0.0934699 0.0434705 0.0346781 -0.0454491 -0.033701 -0.0686818 0.146135 -0.0211515 -0.227174 0.0679944 -0.13607 -0.190704 0.0557866 -0.0474716
7353 7353 -0.0299214 0.0145633 0.0594898 0.0237555 -0.0206408 0.0431592 0.0527999 0.0227902 -0.0204395 0.0278808 0.0174737 0.0577581 -0.00241817 -0.0551878 -0.014743 0.0407969 0.0213506 -0.0548811 -0.00310851 0.0334898
7372 7372 -0.0173407 0.0606984 -0.034551 -0.0694111 0.0159856 -0.0327044 -0.0729803 -0.0885567 -0.00911902 0.0237031 -0.0580016 0.0371398 0.0428669 -0.00284568 0.00516929 0.0195351 -0.00192134 -0.0181022 0.00824611 0.0333086
7378 7378 -0.040041 0.0531876 -0.0340571 -0.027636 -0.0233218 -0.00703164 -0.0649451 -0.091834 0.00874096 0.0418996 0.00375292 0.0234504 -4.76668e-05 0.0286187 -0.0538937 -0.0147281 -0.0337211 -0.059704 0.0869645 0.0527587
7384 7384 -0.0238623 0.0442383 0.0208231 0.0149535 -0.0408505 0.058018 0.0617439 0.0152361 -0.00255125 0.0289168 0.00827431 -0.00965266 -0.0283744 -0.00595805 -0.0463585 0.0403029 0.00156835 -0.0239114 0.0140715 -0.002066
7394 7394 0.0323172 0.0384004 -0.00627471 -0.0849364 0.0125374 -0.0239939 -0.0294545 0.109961 0.0136031 -0.0529095 0.00588828 -0.0247776 0.0654198 -0.0249117 -0.0222676 0.0837779 -0.0449806 0.0538707 -0.079503 0.0146608
7404 7404 -0.0120375 0.0516079 0.0211832 -0.0337517 -0.0353301 0.0488466 0.0207742 0.100752 -0.00208253 0.0128644 0.053828 -0.00728565 -0.0662358 -0.075112 -0.0510175 0.0662511 0.146562 0.00269889 0.0905602 -0.116236
7411 7411 -0.0207752 0.0686286 -0.031365 -0.0597615 -0.028264 -0.0144259 -0.0892625 -0.0957143 -0.0203029 0.0242101 0.0077633 0.0601086 -0.0619967 0.0450235 0.0582006 -0.00475588 0.0470008 -0.0118712 -0.0335471 -0.0409395
7521 7521 0.0010471 0.0615333 -0.00742789 -0.0970756 0.021672 -0.0359537 -0.0699699 0.0374184 0.0137189 -0.0327481 0.0373266 0.0145205 0.0405043 -0.0207216 -0.0519914 -0.0500397 -0.0151967 0.148162 -0.0491166 0.109075
763 763 0.181786 -0.0222899 -0.0424907 0.0288862 -0.029464 -0.0117012 0.0111902 0.0247939 -0.274906 -0.00568346 0.0294864 0.00523678 -0.0121663 -0.0225479 -0.0100443 -0.0205567 -0.018653 0.0170237 0.0324582 -0.00054999
765 765 0.186797 -0.0203173 -0.0384136 0.0241756 -0.00941731 -0.000328025 0.0082758 0.0106506 -0.246308 4.00505e-05 0.0342369 0.0132583 -0.0149117 -0.0154651 -0.00340341 -0.0105043 -0.0105162 0.0236399 0.0379662 0.0268169
766 766 0.212331 -0.0221993 -0.0399591 0.0414454 -0.0198851 0.0172758 0.0134124 -0.00165998 -0.187301 0.000576371 0.0162796 0.0164734 -0.0162818 -0.0129121 0.0115413 -0.0170947 -0.0225159 0.0176327 0.0210539 0.0182712
768 768 0.203864 -0.020919 -0.0376965 0.0440153 -0.0308672 0.00831082 0.0106537 0.00164455 -0.243896 -0.0132577 0.021386 0.00700621 -0.0111371 -0.0210283 0.000651051 -0.0294951 -0.0243694 0.00372612 0.0505645 0.0169175
772 772 0.215061 -0.0236367 -0.0364926 0.0452284 -0.0265067 0.0131947 0.0011524 -0.00499171 -0.204284 -0.0027804 0.0189713 0.0164075 -0.0182131 -0.0121743 -0.00472624 -0.0365625 -0.0342014 0.0231762 0.0437308 0.0163541
8214 8214 -0.0485151 0.037999 -0.00461605 0.075044 -0.0599285 0.0731749 0.115062 -0.0582892 -0.0247687 -0.0278463 -0.0855902 0.0191061 0.0521082 0.11288 -0.0531656 0.10886 -0.060382 0.0355746 -0.0562419 0.0346767
8230 8230 -0.00591643 0.0224395 0.0528726 -0.0178731 0.012411 0.00510565 0.00666548 0.0768803 0.0365408 0.00655616 -0.0362186 0.00985154 0.00712641 -0.0350526 0.0297443 0.0276916 -0.0478811 -0.00498026 0.0141244 -0.0130995
8231 8231 -0.0096159 0.0399183 0.0308501 -0.0416248 -0.0109755 0.0189343 0.0187885 0.111183 0.0323351 -0.0400363 0.0216015 0.0489498 0.0156284 -0.0439952 0.0379916 0.0177462 -0.0382361 0.0388217 0.0242655 -0.0653467
8240 8240 -0.0198431 0.0379203 0.0360603 -0.0245222 -0.0166046 0.0156973 0.0132889 0.0628444 0.0142029 -0.0130969 0.0324785 0.068572 0.0169583 -0.0398157 0.0337417 0.0197504 -0.0374263 0.0210524 -0.0162313 -0.00310029
8247 8247 -0.0169896 0.0256733 0.049203 0.0142781 -0.0234857 0.0717817 0.0318817 0.10709 0.00971034 0.00150517 -0.00329799 0.262193 -0.0230644 -0.187881 0.0534701 -0.0318094 -0.0926169 -0.182336 -0.0994499 0.109251
8249 8249 0.00221814 0.0260862 0.0465097 -0.0277393 0.0126965 -0.0015749 0.00129313 0.0653797 0.0102571 -0.0203534 -0.0331326 0.051187 0.0266094 0.00295894 0.0146895 0.0113855 -0.0444962 0.0284441 -0.0123451 0.0334501
8311 8311 -0.00707534 0.0554608 -0.00647076 -0.0492745 0.0157466 -0.0254091 -0.0181348 0.0291004 0.0194992 -0.0564702 -0.017492 0.00794917 0.043725 -0.0398385 -0.0450453 -0.0480622 -0.00456966 0.0889191 -0.0232913 0.124282
8312 8312 -0.0247352 0.0696739 -0.000665476 -0.00973843 -0.046771 0.0618197 0.0464577 -0.00409171 0.000621707 0.0669231 0.0874193 -0.0678475 -0.0444957 0.0306448 -0.00703242 -0.037867 0.0803923 -0.0218328 0.0275394 -0.0243028
8351 8351 -0.00170881 0.00377654 0.149259 0.0203489 0.0477972 -0.00130188 0.00162429 -0.00142797 -0.00131391 -0.00597905 0.00685428 0.0285283 0.0102808 0.00280205 0.0426464 -0.00827118 -0.0314741 0.000775993 0.0936702 -0.0337012
8354 8354 0.090596 0.0155721 -0.00399555 -0.06326 0.0327867 -0.0425303 -0.0167572 0.0561814 0.0293106 -0.057961 0.0147708 -0.0783289 0.075382 -0.00964365 -0.0883635 0.0559708 0.0259852 -0.0652189 -0.0866108 -0.0386999
8357 8357 -0.0477764 -0.0198347 -0.0207536 0.126332 -0.0817341 -0.0932342 -0.0825549 0.0231539 0.00910983 -0.0443263 0.0333131 0.0152306 0.00796835 -0.0158766 0.0184628 0.045157 -0.00139705 0.0206513 0.0552881 -0.0172888
8376 8376 0.0145528 -0.0041793 0.233105 0.0355209 0.112763 0.0119269 -0.0172148 -0.0686103 -0.00446956 0.00700474 0.0325915 -0.00653982 0.0251749 -0.0121132 -0.000356053 -0.00643656 -0.0210105 0.0141847 0.193984 -0.0798605
8387 8387 -0.0325333 0.0573056 -0.0123267 0.00155064 -0.0654242 0.0780657 0.0727902 -0.063912 0.0282862 0.189575 0.103744 -0.327676 -0.0143103 -0.179416 0.185722 -0.0875307 -0.368734 0.0309349 -0.0873506 -0.0163611
9057 9057 -0.013352 0.0367526 0.0357194 -0.0299485 -0.0230644 0.0462219 0.000713104 0.0980891 0.0155958 -0.0144459 0.0342133 0.117568 0.016939 -0.0700888 0.0352893 0.00902205 -0.041407 -0.0186855 -0.0183994 -0.0525125
9058 9058 -0.00315306 0.0125552 0.0830298 -0.0043332 0.0101789 -0.00161168 0.00666491 0.0434404 0.00682407 -0.0241744 -0.0367906 0.0230679 0.019985 -0.00295168 0.0571701 0.0207126 -0.0578492 0.0177742 0.0769052 0.050009
9323 9323 0.0234774 -0.0189697 0.241736 0.0340777 0.103211 0.00872097 -0.0214453 -0.0694823 -0.00602145 0.00666297 0.0278594 -0.0257689 -0.00947449 0.0197469 -0.0232875 -0.0338181 0.0114568 -0.00320037 -0.0359656 0.0165803
9371 9371 0.0369514 -0.0174947 0.241947 0.0317191 0.116068 0.00238125 -0.0404064 -0.104869 -0.00848699 -0.0149067 0.00499462 -0.0566293 0.00369237 0.0426211 0.00241587 -0.0215559 0.0329144 0.0209338 -0.147231 0.0253172
9394 9394 -0.0127552 0.0162372 0.0752109 0.00302777 -0.00724967 0.0271727 0.00857602 0.0384812 0.0165499 0.00152247 -0.0112943 0.0590231 -0.000429312 -0.0372133 0.0250445 0.0356558 -0.0305415 0.078884 0.0657626 0.0435273
9416 9416 -0.0155031 0.00227685 0.0709764 0.0110459 0.00501957 0.0200951 0.0269153 0.0560361 0.0105635 0.000214736 -0.0399417 0.0438804 0.0126773 -0.0412172 0.0521073 0.00227253 -0.0427819 -0.010876 0.0467034 0.0415513
9427 9427 0.0210112 -0.0207717 0.23928 0.0323205 0.104003 0.00820468 -0.0170898 -0.0859486 0.00376264 0.00418183 0.0200843 -0.0236019 -0.00807601 0.0131992 -0.00613082 -0.0193389 0.0219161 0.00248533 -0.0397768 0.0108757
9470 9470 -0.0118626 0.026992 0.0469058 -0.0100277 0.0198933 0.012833 0.0256837 0.0509959 -0.00783125 -0.0272347 -0.0174727 0.0397914 -0.027683 -0.0432061 0.0188058 0.0324445 0.0307925 0.000149807 0.0565719 -0.0335723
9481 9481 -0.0114823 0.0431731 0.0452787 -0.0180291 -0.0210751 0.0509945 0.00222553 0.0838527 0.0143946 -0.00409214 0.0101142 0.0619652 0.0147735 -0.0865262 0.00500925 -0.0126416 -0.0124367 0.0245768 0.0109114 -0.00751619
9506 9506 -0.0398189 -0.0523486 -0.0342805 0.00495597 -0.0194046 0.0501494 0.019898 -0.0513079 0.00386514 -0.0878824 -0.120459 0.0352165 0.0535609 -0.0288772 0.0201701 -0.206108 0.0453067 0.0649493 0.0325994 -0.0719269
9507 9507 -0.0550822 -0.054959 -0.12769 0.132181 0.247818 0.136803 -0.128106 0.106769 -0.0141841 0.109158 0.00909282 -0.0140657 -0.00349653 0.0127945 -0.0419836 -0.00694598 0.0094642 -0.00381515 -0.0298311 0.00249766
9510 9510 -0.0485134 -0.0751851 -0.098131 0.105334 0.162406 0.133461 -0.108733 0.0731115 -0.0104075 0.0810209 0.00117016 -0.0121712 8.24604e-05 0.0173059 -0.0497949 -0.0194843 -0.008642 -0.00607608 -0.0155303 0.00999287
9512 9512 -0.0512183 -0.0638953 -0.104026 0.100046 0.149444 0.114795 -0.103732 0.0779017 -0.0158977 0.0732955 -0.00822311 0.0019825 -0.00534711 0.0130067 -0.044372 -0.0231632 -0.0212327 0.0215062 -0.0439964 -0.017657
9517 9517 -0.0358773 -0.0286488 -0.031027 0.0202208 -0.0172895 0.0419566 0.0455493 -0.0565524 0.0165064 -0.0847371 -0.113431 0.00205658 0.055154 -2.083e-05 -0.0221022 -0.179487 0.0592469 0.0501114 0.0384903 -0.0200205
9518 9518 -0.0332337 -0.145935 0.0245784 0.0259346 -0.10035 -0.0657779 -0.0983785 0.0191359 0.0110095 -0.014446 0.06147 -0.0304778 -0.0338759 0.00304692 0.0249821 0.0620109 0.0101681 -0.0213905 0.0131076 0.0298203
9521 9521 -0.0444304 -0.0264383 -0.0120763 0.118386 -0.0975696 -0.108358 -0.0798933 0.0247935 -0.00709098 -0.0204398 0.0327263 -0.0232778 -0.0269931 -0.00137435 0.0391403 0.049267 0.00234259 0.00340831 0.0376352 -0.0200581
9522 9522 -0.0520236 -0.0560364 -0.133696 0.110357 0.250323 0.143264 -0.126361 0.086005 -0.0174643 0.105101 0.0144547 -0.00684995 -0.0197757 0.0167843 -0.0383563 0.0276467 0.0321174 -0.0156329 -0.0343251 0.0110171
9523 9523 -0.0468187 -0.0409234 -0.0513496 0.0425413 0.013141 0.0408199 0.0100203 -0.0494265 -0.000224957 -0.0542482 0.00036845 0.0169488 0.00687609 -0.0028674 -0.0106463 -0.0335254 -0.0692917 0.058625 -0.0539695 -0.094763
9524 9524 -0.0385449 -0.0530923 0.0319286 0.112994 -0.121739 -0.0789658 -0.0912246 0.0376305 0.0283585 0.00551024 0.018266 -0.0535349 0.00128918 -0.00160989 0.016357 0.0605256 0.0214765 -0.0216296 -0.00709972 0.0464311
9526 9526 -0.0388717 -0.0175461 -0.0151303 0.111696 -0.0853207 -0.0863256 -0.0846514 0.0167288 0.00592531 -0.043959 0.0473313 -0.0186825 -0.00320904 -0.0248871 0.00143377 0.0863525 0.00602294 0.00519185 0.0071708 -0.0424694
9527 9527 -0.0391448 -0.0507151 -0.0250328 0.0086479 -0.0302412 0.0455144 0.0493673 -0.0361816 0.0254135 -0.0882782 -0.109624 0.01128 0.0532456 0.00442838 0.0303413 -0.185786 0.0123708 0.0427326 0.0610211 -0.0405638
9528 9528 -0.0365287 -0.128675 0.0157757 0.0121492 -0.100307 -0.0481502 -0.0659032 0.0189847 0.0187582 -0.0308974 0.0627933 -0.00733012 -0.027777 -0.011022 0.019318 0.0651239 0.0105347 -0.000339074 -0.00236007 0.0195326
9529 9529 -0.0328957 -0.0113727 -0.00374402 0.0260495 -0.0357045 -0.0114429 -0.0191981 -0.0286769 -0.0105045 -0.0162424 -0.0107311 0.00417446 -0.00465298 0.0201227 0.029566 -0.0120586 -0.0176545 0.00405263 0.00896596 -0.0166397
9534 9534 -0.0489817 -0.0797169 -0.0104764 0.0560034 -0.0766044 0.0279188 -0.039794 0.0119749 0.00655756 -0.0517709 -0.048156 0.00724318 0.0555324 -0.0126821 -0.0334325 -0.165925 -0.0109825 0.0419172 -0.0363065 -0.0625495
9535 9535 -0.037843 -0.0507669 0.0123972 0.0940569 -0.0790869 -0.104131 -0.0653982 0.0238827 0.00811897 0.0204901 0.0390135 0.00232397 -0.0159123 0.0157311 0.00683549 0.0573386 -0.0168189 0.00828058 -0.0381438 -0.0163075
9537 9537 -0.051414 -0.0631792 -0.125932 0.124731 0.247329 0.134891 -0.135173 0.103271 -0.0122622 0.103226 0.00410913 -0.00785047 -0.0210782 0.0251963 -0.0527654 0.00583215 0.030351 -0.00821862 -0.0568144 0.00943248
9539 9539 -0.0482627 -0.0447613 -0.0254369 0.0621451 -0.0550819 0.0264642 0.00137569 -0.012406 0.0289976 -0.0497996 -0.0555021 0.0192025 0.0558273 -0.0197452 -0.0364493 -0.158587 -0.0155784 0.0338052 0.0184522 -0.0459703
9542 9542 -0.0280394 -0.217177 0.00126542 -0.153633 -0.0111602 0.06802 0.0437968 -0.0501552 0.00230739 -0.0486732 0.0487207 -0.0139842 -0.046399 -0.00356528 0.0290012 0.0730495 0.0104647 0.00864843 0.0545437 0.0428541
9544 9544 -0.0543043 -0.0548214 -0.119048 0.0936522 0.173188 0.109652 -0.106198 0.0575271 -0.0129097 0.0584556 0.018353 -0.0004644 -0.0106869 0.0155677 -0.037131 0.0238362 -0.0103111 0.0171083 -0.0168065 -0.0113616
9547 9547 -0.040633 -0.0228515 -0.0178131 0.109549 -0.0780002 -0.0986543 -0.0843795 0.0116177 0.00789574 -0.0387032 0.0679013 -0.0210746 -0.0101379 -0.0251786 0.0542454 0.067208 -0.0127261 0.0301005 0.0569882 -0.0770257
9548 9548 -0.0362433 -0.0455782 -0.0106048 0.0579739 -0.0420137 0.00496264 -0.00484543 -0.0233749 0.0211469 -0.0431993 -0.0427099 0.0499131 0.0357884 -0.00132306 -0.00639658 -0.123198 -0.00604967 0.0248441 0.0343839 -0.0574752
9549 9549 -0.0371301 -0.189716 0.00282171 -0.128852 -0.0311479 0.0537686 0.0105692 -0.0416276 0.0040867 -0.0590862 0.0337084 0.00972115 -0.0350716 -0.0144771 0.00650008 0.0761277 -0.00151486 -0.00365507 0.0536989 0.0019366
9555 9555 -0.0355416 -0.233335 -0.0202854 -0.16636 -0.014427 0.0756063 0.00223942 -0.0474173 -0.00806633 -0.0579147 0.0589247 -0.0198579 -0.0415646 0.00482927 0.0138889 0.0793298 -0.0243852 0.00794777 0.0140131 0.0403446
9557 9557 -0.0393126 -0.0878095 0.0560686 0.12283 -0.150144 -0.13098 -0.146292 0.0763391 0.0160375 0.0421291 0.0319456 -0.0365846 -0.0261469 0.0288102 -0.00199708 0.0418187 0.0411659 -0.0112398 -0.0627612 0.0457762
9559 9559 -0.0422665 -0.0651155 -0.0635467 0.0219953 0.0256326 0.073413 -0.0154546 -0.0312578 0.00490733 -0.0470922 0.00491502 0.0296044 -0.0153304 0.0127182 -0.0132563 -0.0179827 -0.0594783 0.0362749 -0.0470513 -0.127196
9560 9560 -0.0582836 -0.060375 -0.126288 0.109282 0.248273 0.131674 -0.133422 0.101209 -0.0179382 0.110094 0.00623542 -0.0232832 -0.0205072 0.0232099 -0.0515774 0.0140415 0.0234093 -0.00202355 -0.0482786 -0.00544848
9562 9562 -0.0428393 -0.0736127 0.0339951 0.141577 -0.132192 -0.125905 -0.14285 0.0527636 0.00118511 0.00484533 0.0457368 -0.0246661 -0.0420088 0.00257097 0.0331246 0.0489345 0.00639041 0.0257225 0.0139308 0.0483394
9564 9564 -0.0407997 -0.0774611 0.0372925 0.125906 -0.134868 -0.0966697 -0.124481 0.0645599 0.00812857 0.031127 0.0340104 -0.0235427 -0.0132499 0.0115812 0.0111271 0.0267053 0.0228494 -0.0180675 -0.0515536 0.0234435
9565 9565 -0.0345542 -0.0082743 0.0053698 0.0855571 -0.0491372 -0.0316731 -0.0150271 0.0178892 -0.0205797 -0.00816073 -0.016444 0.0226841 0.023258 -0.00918468 -0.0170448 0.038243 -0.0257902 0.000478506 -0.0535761 0.0431984
9574 9574 -0.0402787 -0.132477 -0.0434434 -0.0545329 -0.000457782 0.0728156 -0.000536097 -0.0358665 -0.0136679 -0.0630315 0.0327091 0.00258475 -0.0131422 0.00462389 -0.010795 0.038288 -0.0617883 0.0447816 0.0140941 -0.0331262
9577 9577 -0.0432961 -0.0788718 0.0613145 0.112056 -0.14044 -0.116654 -0.136614 0.0572163 0.0117987 0.0307507 0.0441853 -0.036466 -0.0180452 -0.0113149 0.0136984 0.0486601 0.0310612 -0.0274072 -0.044098 0.0522959
9579 9579 -0.0398833 -0.0494714 -0.0701354 0.0369083 0.0212733 0.0618034 0.0163734 -0.0444647 -0.0218583 -0.0634365 0.00870858 0.0340663 0.00924227 0.0155504 -0.00524485 0.00461928 -0.0616967 0.0561403 -0.0502997 -0.126269
9584 9584 -0.0430632 0.00320262 -0.0204258 0.0642982 -0.0224551 0.00908179 -0.00230284 -0.00256139 0.0109301 -0.0497473 -0.0402361 0.0577221 0.0481533 -0.0187626 -0.00125703 -0.0896967 -0.0130071 -0.0051582 0.0373189 -0.0538616
9586 9586 -0.0400991 -0.0402456 -0.0044265 0.0862118 -0.0778052 -0.0121934 -0.0416359 0.00654173 0.0117708 -0.0217125 -0.0470091 -0.00474849 0.0317647 -0.0019878 -0.0225561 -0.120421 -0.0184825 0.0231734 -0.0292876 -0.0145976
9587 9587 -0.0427038 -0.0133622 -0.00564174 0.0689301 -0.0549559 -0.0117967 -0.00738413 0.0153229 0.0169713 -0.0217025 -0.0179805 0.0151347 -0.00522892 0.00704893 0.0204224 -0.0768321 0.0534338 0.0290248 -0.0284722 -0.018467
9591 9591 -0.039334 -0.0167495 -0.00422388 0.0568108 -0.0260073 -0.0120118 0.0110108 -0.0151146 -0.0174869 -0.06366 -0.0742986 0.00517833 0.0159501 -0.0183791 0.0163736 -0.0417306 0.000735588 0.0428723 0.00472724 -0.0279205
9594 9594 -0.0415061 -0.0950152 0.0516821 0.135873 -0.167968 -0.137853 -0.159896 0.0760501 0.00431653 0.0294503 0.0583183 -0.0316455 -0.0310374 0.0204959 0.0019777 0.0406976 0.0379829 -0.0367756 -0.0409997 0.0583196
9595 9595 -0.038378 -0.0524968 -0.0330373 0.0145309 -0.0338544 0.0412983 0.0197566 -0.04223 0.00491506 -0.0738997 -0.128825 -0.00115724 0.0605061 -0.031257 0.03634 -0.206276 0.00877465 0.0516772 0.0195451 -0.0589304
9596 9596 -0.0386136 -0.0520293 -0.0352509 -0.0137704 -0.0231164 0.0364987 0.0303989 -0.0424847 0.017208 -0.105539 -0.145018 0.00944176 0.0897624 -0.00192138 0.00337252 -0.236525 0.0539848 0.0611505 0.0464592 -0.0295382
9597 9597 -0.0380839 -0.0219165 -0.0101874 0.0824029 -0.059865 -0.00944831 -0.00619438 -0.0102092 0.0199644 -0.0153016 -0.0172762 -0.00470614 0.0713362 -0.0187607 -0.00243234 -0.0481561 -0.0401513 0.00490944 0.0234421 -0.0375429
9598 9598 -0.0335537 -0.222815 -0.0147138 -0.168328 -0.00846906 0.0750926 0.025179 -0.0514864 0.00963701 -0.0558732 0.0353485 0.0163935 -0.0273362 -0.00275138 0.0154925 0.0547205 -0.00906371 -0.01783 0.0469399 0.0146281
9600 9600 -0.0330898 -0.240898 -0.0149305 -0.169317 -0.00885658 0.0764262 0.0192389 -0.0478937 -0.00245216 -0.0509999 0.05589 -0.0102395 -0.0422855 -0.0072174 0.0174099 0.0788223 -0.00372807 0.00477662 0.00596005 0.0230079
9602 9602 -0.0506556 -0.0685384 -0.00479369 0.0829546 -0.0797182 0.00283069 -0.0538259 -0.00723209 0.0063532 -0.0589844 -0.0563201 0.0074337 0.0541412 -0.00964883 -0.0481607 -0.18799 0.0156451 0.0284962 -0.021045 -0.0339649
9606 9606 -0.0127159 -0.0929582 0.0271602 -0.0695903 -0.00994669 -0.0635868 0.070419 0.0531243 -0.00353329 0.0743829 -0.147669 -0.0368599 0.0120381 -0.0365899 0.0232601 -0.122802 0.179992 -0.209484 -0.0494362 0.177424
9612 9612 0.136271 -0.00754184 -0.00741669 -0.02154 0.0182138 -0.0137029 -0.0112166 0.0120974 0.0725528 -0.0388921 -0.0282557 -0.0537637 0.0106603 -0.00441621 -0.00631035 0.0280081 0.00592169 -0.0364193 -0.0972979 -0.0420769
9619 9619 0.216788 -0.0308656 -0.0448756 0.0498786 -0.0326913 0.04276 0.00483129 -0.0477423 0.280389 0.0707273 -0.0239303 0.0490696 -0.00995755 0.0360585 0.034883 0.0161761 0.0155358 0.0204296 0.0247184 0.0200192
9625 9625 0.188764 -0.0193833 -0.0254361 0.0265097 -0.0118975 0.004027 0.00327796 -0.00761438 0.0356805 0.00681291 -0.00963219 0.00360695 0.00359903 0.00621331 -0.0153064 0.00812833 0.00447558 -0.00823913 -0.0202206 -0.00490602
9629 9629 0.183741 -0.0133385 -0.0289569 0.0169234 -0.0111973 0.00222655 0.000460968 -0.00820287 0.0212138 -0.00462999 -0.00373108 -0.0195965 0.00129688 -0.000697278 -0.0243496 -0.0100149 -0.00513673 -0.0301823 -0.0217536 -0.0131328
9632 9632 0.204979 -0.0314582 -0.0406243 0.0417091 -0.0315202 0.0416025 0.00380235 -0.0517839 0.290451 0.0701256 -0.0197946 0.0478053 -0.0143699 0.0261361 0.0247943 0.00929808 0.00541497 0.0350479 0.0278015 0.0138694
9634 9634 0.213274 -0.0255752 -0.0448198 0.0481148 -0.0245101 0.0404303 0.000843011 -0.0442556 0.264195 0.068772 -0.0239996 0.0484214 -0.0153309 0.0325947 0.0174728 0.0144151 0.00821981 0.0196599 0.0231586 0.0230675
9637 9637 0.199234 -0.0280151 -0.034233 0.0416213 -0.0205873 0.0303537 0.00658462 -0.0480406 0.238152 0.0637427 -0.00817966 0.0320659 -0.00663088 0.0201382 0.0227627 0.00389019 0.00310943 0.024746 0.0142292 0.0110846
9640 9640 0.212671 -0.0348965 -0.0404742 0.0503038 -0.0237323 0.0419694 -0.00133862 -0.0424776 0.236306 0.0703033 -0.0210024 0.047513 -0.0206209 0.0299758 0.0267924 0.0016484 0.00909878 0.0295599 0.0411405 0.0318478
9643 9643 0.220186 -0.0324082 -0.046651 0.0480657 -0.0373433 0.0515868 0.00357635 -0.044739 0.277425 0.0696423 -0.0228315 0.0561826 -0.0179437 0.0345989 0.0316796 0.0174897 0.0197424 0.0245708 0.0370071 0.0218049
9649 9649 -0.0449183 0.021036 -0.0845557 0.0796698 0.131611 -0.098782 0.0770886 -0.0607975 0.0304723 -0.0301421 0.0206525 -0.00553463 0.106433 -0.0463162 0.153105 0.0945026 0.0544324 -0.0201338 0.17044 0.185763
9653 9653 -0.044828 0.0247785 -0.0768924 0.0661685 0.13432 -0.0902991 0.0548612 -0.0308421 -0.0129918 -0.0183865 -0.0115632 -0.0305627 0.0835995 -0.038962 0.188605 0.0352692 0.0488196 -0.0128824 0.174092 0.200111
9657 9657 -0.0377309 0.0184041 -0.083333 0.0726378 0.135352 -0.0823163 0.0599636 -0.0464919 -0.0110303 -0.0270457 0.0186978 -0.0120496 0.0766252 -0.0296773 0.167173 0.0557675 0.0415287 -0.0174683 0.182914 0.150597
9659 9659 -0.0397648 0.0421049 -0.062908 0.0452949 0.0863252 -0.0480136 0.0436909 -0.048497 0.0104788 -0.0549275 0.0308086 -0.00457478 0.0432432 -0.0317773 0.111451 0.0264315 -0.00399656 0.0426741 0.0956474 0.058565
9697 9697 0.0177108 0.0297979 -0.0415074 0.00436131 0.0593526 -0.0428883 0.0344974 -0.0102656 0.00583147 -0.123168 0.0250119 -0.0539312 0.00924654 -0.0709575 0.0555798 0.0353155 0.0714366 -0.0920564 -0.113433 -0.129802
9698 9698 0.00618812 0.0256906 -0.0365245 0.0119727 0.0631501 -0.0665512 0.0566309 -0.0367304 0.0201594 -0.105967 0.0285264 -0.0361463 0.0163635 -0.0872875 0.0775597 0.0504637 0.087702 -0.0815397 -0.0824432 -0.138137
9699 9699 -0.00934146 0.0314649 -0.0477442 0.0239545 0.0671716 -0.0686596 0.0567482 -0.0244936 0.0108585 -0.0942645 -0.0144228 -0.0677913 0.00718545 -0.057065 0.0578032 0.00570784 0.0612027 -0.0359862 -0.0461949 -0.0814054
9713 9713 0.00496781 0.0194849 -0.0353134 -0.0122421 0.0634169 -0.0828026 0.0437572 -0.0475896 0.0236623 -0.0982796 -0.0125368 -0.0522244 -0.000384223 -0.070271 0.0760094 0.0595306 0.0250918 -0.0856856 -0.0817969 -0.0294726
9716 9716 -0.013391 -0.00309453 -0.0494408 0.0106914 0.0763045 -0.0898581 0.0641218 -0.020638 -0.0151822 -0.0959035 0.0242742 -0.0153597 0.0197397 0.000666072 0.025221 0.0695858 0.0606068 -0.00597908 -0.0308798 -0.0490928
9719 9719 -0.0078112 0.0164926 -0.0419253 0.0035975 0.0411446 -0.0726322 0.0524047 -0.0151302 0.0352668 -0.0614559 0.00489837 -0.0447461 0.00874971 -0.0576607 0.0269967 0.0408273 0.0323922 -0.0119194 -0.0357256 -0.0402232
9723 9723 0.0261061 0.0194466 -0.0378887 -0.00546324 0.0567436 -0.0637238 0.0581797 0.00784658 -0.000736236 -0.131056 0.0249462 -0.0573545 0.0215879 -0.0600181 0.0732021 0.0303579 0.0520819 -0.109775 -0.150134 -0.155015
9726 9726 -0.0400795 0.00991998 -0.0640149 0.054015 0.118554 -0.0896506 0.064871 -0.00460765 -0.0112735 -0.0278826 0.0182117 -0.00760205 0.0376017 -0.0202373 0.0929957 0.024088 0.0083914 -0.00759539 0.103817 0.0296666
9736 9736 0.0343151 0.0152821 -0.0253884 -0.0427925 0.0383084 -0.0440434 0.0156676 0.0228449 0.0191175 -0.104092 -0.0156247 -0.100308 0.0476727 -0.0364259 0.00900395 0.0161304 0.0331552 -0.0331799 -0.149207 -0.0781071
9737 9737 0.203613 -0.0205628 -0.0325729 0.0342373 -0.0160367 0.0196997 -0.00266475 -0.0199441 0.140556 0.0301844 -0.0167546 0.0187973 -0.00322643 0.0189583 0.00588839 0.00348646 0.00633136 0.0107466 0.00141241 0.0143491
9739 9739 0.0146828 0.0475719 -0.0100837 -0.0718903 0.011604 -0.0438733 -0.0330156 0.0323504 0.0327565 -0.0538916 0.0176814 -0.0257833 0.0508817 0.00471144 -0.0234929 0.00823182 -0.0137127 0.0318016 -0.0883083 0.0623565
9741 9741 0.0185475 0.0388021 -0.024276 -0.0547932 0.0393936 -0.0597462 -0.00160109 0.0279489 0.00101904 -0.0850301 0.036897 -0.0458329 0.04196 -0.020885 -0.0286044 0.0225692 -0.00242392 0.0594914 -0.155817 0.00972524
9743 9743 0.0357008 0.0139215 -0.0335353 -0.00162684 0.032714 -0.0508506 0.0233331 0.0094427 0.013896 -0.0828892 0.0045005 -0.0626093 0.0130844 -0.0487712 -0.0144702 0.0460488 0.0417825 -0.0531641 -0.0926891 -0.0704235
9748 9748 0.0126075 0.0399195 -0.0333622 -0.0277136 0.034602 -0.0501584 0.00135309 -0.00267837 0.0274836 -0.0956081 0.0269396 -0.0434729 0.0131622 0.00183835 0.0177262 0.0350978 0.0128036 -0.0021301 -0.10523 -0.00387062
9749 9749 0.000882604 0.0318878 -0.0411511 -0.0010674 0.0634695 -0.0588477 0.0446646 -0.000702303 0.0348302 -0.0743804 0.00188046 -0.0390428 0.0210453 -0.0380341 0.0404122 0.0218294 0.0245225 -0.0333848 -0.0513772 -0.110331
9758 9758 0.181813 -0.0232722 -0.0345216 0.0266609 -0.0205175 0.00246612 0.00269646 0.000842431 -0.216109 0.00346772 0.0252503 0.0113539 -0.00500292 -0.0145499 0.000842628 -0.0252073 -0.0280032 0.0153966 0.0575507 0.0513625
9759 9759 -0.0339109 -0.000295941 -0.0480496 0.0240454 0.116345 -0.212914 0.133929 -0.0184376 0.0487585 -0.0774846 0.0465908 0.0638065 -0.364823 0.0194159 -0.158476 -0.0836163 -0.126819 0.00893966 0.00275776 0.0341557
9761 9761 -0.00734193 0.0618927 -0.00396721 -0.100968 0.0143511 -0.0585366 -0.0951849 5.70172e-06 0.0210156 0.0114203 0.0214769 0.00305185 0.0404772 -0.0319417 -0.0625121 -0.00815032 -0.00557974 0.057864 -0.0238715 0.0477228
9764 9764 -0.0383415 -0.117445 -0.00356027 -0.0357069 0.0249844 -0.208832 0.165557 0.0181424 -0.0268344 0.287898 0.0740989 0.0852511 0.154652 0.0633259 -0.0622671 -0.0129441 0.00135692 0.0352346 -0.048734 -0.0542025
9766 9766 0.202762 -0.0291126 -0.0394934 0.038536 -0.0304445 0.00277692 0.00511612 0.00596817 -0.264483 -0.00315404 0.0190354 0.0186418 -0.0220002 -0.0155508 0.00215689 -0.0272157 -0.0241475 -0.000231045 0.066773 0.0216879
9769 9769 -0.0259514 0.0720505 -0.0358417 -0.0766289 -0.0117745 -0.00749084 -0.108236 -0.149004 -0.0631605 0.0588069 0.0129475 0.147818 -0.100219 0.0554022 0.095431 -0.0175411 0.0526593 0.000872106 -0.0904101 -0.0478521
9774 9774 -0.0178859 0.0664464 -0.0267895 -0.0643327 -0.0216812 -0.00262581 -0.0471256 -0.0403284 -0.00231065 0.0274514 0.0276048 0.0226993 -0.0151563 0.0132401 0.014609 -0.044359 0.0653091 0.0447873 -0.0206697 0.0356271
9775 9775 -0.0241657 0.0763159 -0.0246438 -0.0619596 -0.0107488 -0.00256085 -0.106117 -0.146241 -0.038926 0.0434841 -0.0101885 0.112057 -0.0552413 0.0522052 0.0596163 -0.018822 0.0476667 0.00422654 -0.0385491 -0.0437748
9779 9779 -0.0247668 0.0684704 -0.027294 -0.0646252 -0.0134603 -0.00123482 -0.091156 -0.157721 -0.0498669 0.0793804 -0.0071183 0.0860744 -0.0734548 0.00961272 0.113701 0.0183699 0.0476346 0.0042277 -0.0540653 -0.0661468
9781 9781 -0.0279082 0.0747512 -0.0415625 -0.0699864 -0.00643089 -0.00576389 -0.0882848 -0.136524 -0.0377347 0.0743343 0.00252628 0.112887 -0.051529 0.0458366 0.0769793 0.0512913 0.000842208 -0.0248619 -0.0535551 -0.0829534
9782 9782 -0.019193 0.0782831 -0.0380496 -0.0622622 0.00171043 -0.00765655 -0.10013 -0.138236 -0.00625676 0.0619562 -0.033426 0.0520635 -0.03643 0.00986469 0.0513059 0.0105955 0.00160061 -0.0319714 -0.042459 -0.0532065
9784 9784 -0.026929 0.0775376 -0.0297662 -0.0670389 -0.0214117 -0.0060327 -0.0940615 -0.159292 -0.0432332 0.0777709 -0.00172576 0.0572834 -0.110967 0.0401199 0.0923727 -0.0123698 0.0346018 -0.0129501 -0.061217 -0.0602507
9803 9803 -0.0217546 0.0746549 -0.0286298 -0.0715824 -0.0173591 -0.000304781 -0.0960612 -0.0885944 -0.0329614 0.0400789 -0.016706 0.0782787 -0.0350191 0.0290355 0.050084 0.0381245 0.0242885 0.0161272 -0.0314645 -0.0131955
9804 9804 -0.0272503 0.0715363 -0.0276202 -0.0539401 -0.00591164 -0.0267682 -0.0981761 -0.134197 -0.0143069 0.0542089 -0.0155155 0.0876663 -0.032363 -0.00268793 0.0678201 0.0194427 0.00206779 0.0192121 -0.0417482 -0.015771
9813 9813 -0.0236319 0.0686793 -0.0405881 -0.0586883 -0.0154945 -0.0132271 -0.103736 -0.132745 -0.0456762 0.0601384 -0.0129064 0.104823 -0.0926261 0.0494531 0.09208 0.00144771 0.0485606 0.0217454 -0.042119 -0.0621931
9814 9814 -0.0266456 0.0718726 -0.0369432 -0.0768465 -0.00528096 -0.0102558 -0.105949 -0.135842 -0.0399874 0.0597627 -0.0350927 0.117727 -0.058962 0.0470453 0.12452 -0.00558885 0.0373207 0.00708563 -0.0559038 -0.0814209
9820 9820 -0.0458298 -0.0660854 -0.029325 0.0484984 -0.0601918 0.0124316 -0.0110263 -0.0193201 -0.00775431 -0.0676068 -0.0787877 -0.00478314 0.0174667 -0.00952495 -0.0329273 -0.135914 -0.0152556 0.033514 0.0501826 -0.0475347
9837 9837 -0.0349062 -0.215467 -0.0341929 -0.120321 0.0371349 0.085636 -0.020589 -0.0169611 -0.00353608 -0.0307159 0.0457834 -0.017164 -0.00804141 -0.00187831 0.00761747 0.0558347 -0.0343522 -0.00010404 -0.0166137 0.0014816
9857 9857 -0.0433557 -0.0653957 -0.0112475 0.0781517 -0.0755817 -0.00968015 -0.0514761 -0.00747237 0.0152899 -0.0593241 -0.0564898 -0.0273557 0.0447381 0.013666 -0.0368569 -0.184373 0.00889381 0.048148 -0.0166969 -0.0624292
9879 9879 -0.0339358 -0.218109 -0.0170164 -0.149075 -0.0225527 0.0656279 0.00127704 -0.0410009 -0.0157791 -0.0275992 0.0506573 -0.0247311 -0.032293 -0.00872105 0.0039639 0.0748042 -0.0414203 -0.0117086 0.0169061 0.0309177
9910 9910 -0.0448785 0.0362378 -0.00134202 0.0688401 -0.0224491 0.0774613 0.105889 -0.0653332 -0.0342723 -0.024211 -0.0634112 0.0209412 0.0566312 0.094639 -0.0265186 0.085889 -0.0516039 0.0381712 -0.0614606 0.0337093
9920 9920 -0.0422618 0.0397285 -0.0148338 0.0522438 -0.0489375 0.0718098 0.112422 -0.0288377 -0.0297113 -0.0158188 -0.0565213 -0.00134061 0.011467 0.101437 -0.0739991 0.0982542 0.00116627 0.0354457 -0.0600586 0.0650812
9921 9921 -0.0424447 0.0341238 -0.00700138 0.0619059 -0.0522538 0.0529449 0.114558 -0.0623159 -0.0292639 -0.0126461 -0.0784425 0.00595502 0.0869487 0.153307 -0.100302 0.112994 -0.0819991 0.0176431 -0.0610404 0.0656629
9925 9925 -0.0281739 0.0317261 0.010239 0.04496 -0.0311691 0.0528916 0.0880188 -0.00668164 -0.0199869 -0.0146722 -0.0678003 0.0277997 -0.00262788 0.038101 -0.0648966 0.0673573 0.0356369 -0.0158048 -0.0292771 0.0474598
9933 9933 0.0702205 0.0268937 -0.0229259 -0.0116475 -0.0117007 -0.00699587 -0.029347 -0.0162583 -0.0785024 -0.0211322 0.0195646 -0.0211822 0.0416795 -0.0332056 -0.0128148 -0.0295825 -0.0202692 0.0279607 -0.0118105 0.011602
9941 9941 -0.0452386 0.0377802 -0.020135 0.0610576 -0.0606752 0.0649267 0.115062 -0.0613123 -0.027095 -0.0327539 -0.0782117 0.0186564 0.0536214 0.123554 -0.0742674 0.161643 -0.0533621 0.0383905 -0.093411 0.083132
9944 9944 -0.0291672 -0.219752 -0.0154295 -0.153817 -0.0207305 0.067171 0.00812001 -0.0482437 0.00436983 -0.0427099 0.057039 -0.0271584 -0.0388114 0.0044315 0.0160097 0.0626503 -0.0201084 0.00161167 0.0167143 0.0246017
9947 9947 -0.0259155 -0.220399 -0.00705463 -0.173183 -0.0207723 0.06632 0.0322596 -0.0577037 0.00842747 -0.0555894 0.046471 -0.0145329 -0.047159 -0.0154081 0.0250578 0.0708336 -0.00289589 0.00146837 0.0439784 0.0392878
9965 9965 -0.0447959 0.0190379 -0.0654887 0.0535356 0.126105 -0.117609 0.0859195 -0.038204 0.0153303 -0.00718708 0.00774872 -0.00395985 0.0592354 -0.0292077 0.151314 0.0374255 0.0470323 -0.0123092 0.121143 0.113646
9966 9966 -0.0375896 0.0311064 -0.062363 0.0575477 0.0537675 -0.0510353 0.0625567 -0.0466395 0.00782754 -0.0580841 0.00561021 0.0144182 0.0357653 -0.0236966 0.0844327 0.0263003 0.0234439 0.0162001 0.0688415 0.0470141
9978 9978 0.00884879 0.00772666 0.0438107 -0.0984116 0.00950045 -0.0468452 -0.0602074 0.169548 -0.0336717 0.0958891 -0.474314 -0.111006 -0.15721 0.00615562 0.113162 0.138521 -0.0920591 0.0540861 0.0868785 -0.0720619
9985 9985 0.0313281 0.0250981 -0.0405219 0.00561291 0.0538663 -0.0414655 0.0375614 -0.0038566 0.0179791 -0.107182 -0.0028001 -0.0472548 0.0565602 -0.038902 0.0425977 0.00177127 0.0720749 -0.118424 -0.103445 -0.160404
100001 100001 -0.0296355 -0.125849 -0.00529526 -0.0794592 0.0306874 -0.230228 0.177161 0.0307733 -0.0328695 0.368859 0.0641514 0.116249 0.213059 0.0691162 -0.0670908 -0.0554397 -0.00966745 0.0743493 -0.0358832 -0.154978
100002 100002 -0.0228939 -0.122446 0.00129102 -0.0739825 0.0344684 -0.228945 0.179451 0.0395225 -0.0351597 0.349759 0.0691443 0.112537 0.206565 0.0648384 -0.0654698 -0.035248 -0.0237095 0.0570429 -0.0671507 -0.158511
6939 6939 -0.0156757 0.0574828 0.00307336 -0.0469532 -0.0463577 0.00827921 0.0442679 0.0402816 -0.012694 0.0705763 -0.00730716 -0.0911336 -0.0224827 -0.00201913 -0.0334656 -0.0625001 0.135799 -0.0365114 0.0767341 -0.00115371
9940 9940 -0.0088551 -0.0532627 0.0216805 -0.0663213 -0.00181954 -0.0684498 0.0736561 0.0787069 -0.0188772 0.106741 -0.168391 -0.0511556 -0.00725435 -0.00404038 0.0171823 -0.105884 0.13021 -0.151575 -0.0337868 0.0978061
9977 9977 0.00581816 -0.0041771 0.0333308 -0.0906301 0.0182589 -0.0705473 -0.0334778 0.168224 -0.0491657 0.119923 -0.470222 -0.11178 -0.147874 0.0252107 0.105531 0.0854332 -0.0662385 0.0394235 0.060113 -0.0778627
9992 9992 0.00819215 -0.00739749 -0.0121819 -0.0112546 0.0348756 -0.0698243 0.0559857 0.0353485 0.00434195 0.0234805 -0.0913664 -0.0270562 -0.0484496 0.0232646 -0.0335369 -0.057126 0.00579235 -0.058501 -0.0191556 -0.0239449
